931052708 931055109 0 0
931076896 931078422 0 0
931078528 931079417 0 0
931080617 931083969 0 0
931084877 931085909 0 0
931087097 931090398 0 0
931091956 931094716 0 0
931125824 931126315 0 0
931127116 931131473 0 0
931131904 931132967 0 0
931134555 931139711 0 0
931150944 931153447 0 0
931155452 931155578 0 0
931157974 931158580 0 0
931160296 931168114 0 0
931172416 931173654 0 0
931174456 931177008 0 0
931178537 931191093 0 0
931212561 931215048 0 0
931218886 931220215 0 0
931242123 931245477 0 0
931250547 931252551 0 0
931257335 931260610 0 0
931261877 931268002 0 0
931270026 931271679 0 0
931275027 931275754 0 0
931283293 931285117 0 0
931290692 931291128 0 0
931292789 931292910 0 0
931317186 931319458 0 0
931321135 931330524 0 0
931331181 931338588 0 0
931340994 931351287 0 0
931351306 931354215 0 0
931357989 931358526 0 0
931365256 931377046 0 0
931386256 931403664 0 1
931402640 931404478 1 0
931413997 931415072 0 0
931418878 931424544 0 0
931426097 931431487 0 0
931431552 931432940 0 0
931434808 931435534 0 0
931436849 931436936 0 0
931439658 931439964 0 0
931443031 931443438 0 0
931446557 931457928 0 0
931461152 931467247 0 0
931468817 931470168 0 0
931471301 931472783 0 0
931479596 931480268 0 0
931483130 931483408 0 0
931484557 931488865 0 0
931491250 931493989 0 0
931499526 931500161 0 0
931532577 931540489 0 0
931572684 931575486 0 0
931576945 931577571 0 0
931582611 931586908 0 0
931587429 931592256 0 0
931600810 931615577 0 0
931617383 931619011 0 0
931657083 931657197 0 0
931658625 931659071 0 0
931660306 931663309 0 0
931664128 931666344 0 0
931667306 931673022 0 0
931673608 931674755 0 0
931685699 931686164 0 0
931699514 931699605 0 0
931704410 931706625 0 0
931712153 931712998 0 0
931722628 931725593 0 0
931729355 931732192 0 0
931735500 931748232 0 0
931755809 931757397 0 0
931757440 931761602 0 0
931765138 931775068 0 0
931775338 931776362 0 0
931776790 931777324 0 0
931778453 931785726 0 0
931788493 931789948 0 0
931793105 931795282 0 0
931806644 931807091 0 0
931811212 931811707 0 0
931814270 931816107 0 0
931817031 931819904 0 0
931819959 931822815 0 0
931826475 931832040 0 0
931836793 931842637 0 0
931842932 931843486 0 0
931845510 931846612 0 0
931851319 931856064 0 0
931857948 931859847 0 0
931862953 931873915 0 0
931876107 931878044 0 0
931882589 931882717 0 0
931883485 931885139 0 0
931886238 931888049 0 0
931906891 931913697 0 0
931914606 931932014 0 1
931930990 931941442 1 0
931949457 931953010 0 0
931954992 931956099 0 0
931972859 931979336 0 0
931983901 931985765 0 0
931988658 931991834 0 0
931998060 931998951 0 0
932001611 932003769 0 0
932010680 932011112 0 0
932014809 932015472 0 0
932017822 932025262 0 0
932033001 932038678 0 0
932041437 932047266 0 0
932049047 932055058 0 0
932058572 932060587 0 0
932062705 932074138 0 0
932081683 932090746 0 0
932094330 932106401 0 0
932107168 932108653 0 0
932108680 932109218 0 0
932109959 932112658 0 0
932115268 932122405 0 0
932123648 932130147 0 0
932132100 932133122 0 0
932144795 932146282 0 0
932148013 932149655 0 0
932160666 932161256 0 0
932163273 932164052 0 0
932172102 932178160 0 0
932187087 932191441 0 0
932196440 932202885 0 0
932205873 932214935 0 0
932269258 932269480 0 0
932270492 932284674 0 0
932288665 932289857 0 0
932293443 932308128 0 0
932311471 932312149 0 0
932316434 932317068 0 0
932319084 932319274 0 0
932320369 932320656 0 0
932323723 932324420 0 0
932345677 932345972 0 0
932348140 932356999 0 0
932359128 932361834 0 0
932362651 932365837 0 0
932370618 932373156 0 0
932379009 932382683 0 0
932388600 932389228 0 0
932392463 932396196 0 0
932399191 932399549 0 0
932408671 932411335 0 0
932417009 932417980 0 0
932418081 932418523 0 0
932419372 932419981 0 0
932420853 932421531 0 0
932422329 932422662 0 0
932425475 932428702 0 0
932434417 932435310 0 0
932435651 932435818 0 0
932441350 932458758 0 1
932457734 932463697 1 0
932465416 932466961 0 0
932470756 932486982 0 0
932492038 932494822 0 0
932495918 932496512 0 0
932498631 932504674 0 0
932505817 932521140 0 0
932521942 932522273 0 0
932524282 932525229 0 0
932526160 932529588 0 0
932530779 932537341 0 0
932540797 932547513 0 0
932550889 932559595 0 0
932562483 932566399 0 0
932587098 932592903 0 0
932594634 932601620 0 0
932603799 932611888 0 0
932616154 932619001 0 0
932619581 932623846 0 0
932627169 932627258 0 0
932628292 932635506 0 0
932637850 932641762 0 0
932648123 932658501 0 0
932662932 932664855 0 0
932666899 932673372 0 0
932675678 932680046 0 0
932682523 932699931 0 1
932698907 932709376 1 0
932711212 932713715 0 0
932717212 932723943 0 0
932724757 932726404 0 0
932729381 932730308 0 0
932736772 932738407 0 0
932758842 932759066 0 0
932760935 932761469 0 0
932763575 932765863 0 0
932771327 932771745 0 0
932791915 932799100 0 0
932803648 932807971 0 0
932810102 932827510 0 1
932826486 932828440 1 0
932935560 932936370 0 0
932939605 932948405 0 0
932958826 932959434 0 0
