931052708	931055109
931076896	931078422
931078516	931079417
931080617	931083969
931084877	931085909
931087097	931090398
931091956	931094716
931125824	931126315
931127116	931131473
931131904	931132967
931134555	931139711
931150944	931153447
931155452	931155578
931157974	931158580
931160296	931168114
931172416	931173654
931174456	931177008
931178537	931191093
931212561	931215048
931218886	931220215
931242123	931245477
931250547	931252551
931257335	931260610
931261877	931268002
931270026	931271679
931275027	931275754
931283293	931285117
931290692	931291128
931292789	931292910
931317186	931319458
931321135	931330524
931331181	931338588
931340994	931351287
931351306	931354215
931357989	931358526
931365256	931377046
931386256	931404478
931413997	931415072
931418878	931424544
931426097	931431487
931431492	931432940
931434808	931435534
931436849	931436936
931439658	931439964
931443031	931443438
931446557	931457928
931461152	931467247
931468817	931470168
931471301	931472783
931479596	931480268
931483130	931483408
931484557	931488865
931491250	931493989
931499526	931500161
931532577	931540489
931572684	931575486
931576945	931577571
931582611	931586908
931587429	931592256
931600810	931615577
931617383	931619011
931657083	931657197
931658625	931659071
931660306	931663309
931664128	931666344
931667306	931673022
931673608	931674755
931685699	931686164
931699514	931699605
931704410	931706625
931712153	931712998
931722628	931725593
931729355	931732192
931735500	931748232
931755809	931757397
931757428	931761602
931765138	931775068
931775338	931776362
931776790	931777324
931778453	931785726
931788493	931789948
931793105	931795282
931806644	931807091
931811212	931811707
931814270	931816107
931817031	931819923
931819959	931822815
931826475	931832040
931836793	931842637
931842932	931843486
931845510	931846612
931851319	931856064
931857948	931859847
931862953	931873915
931876107	931878044
931882589	931882717
931883485	931885139
931886238	931888049
931906891	931913697
931914606	931941442
931949457	931953010
931954992	931956099
931972859	931979336
931983901	931985765
931988658	931991834
931998060	931998951
932001611	932003769
932010680	932011112
932014809	932015472
932017822	932025262
932033001	932038678
932041437	932047266
932049047	932055058
932058572	932060587
932062705	932074138
932081683	932090746
932094330	932106401
932107168	932108653
932108680	932109218
932109959	932112658
932115268	932122405
932123648	932130147
932132100	932133122
932144795	932146282
932148013	932149655
932160666	932161256
932163273	932164052
932172102	932178160
932187087	932191441
932196440	932202885
932205873	932214935
932269258	932269480
932270492	932284674
932288665	932289857
932293443	932308128
932311471	932312149
932316434	932317068
932319084	932319274
932320369	932320656
932323723	932324420
932345677	932345972
932348140	932356999
932359128	932361834
932362651	932365837
932370618	932373156
932379009	932382683
932388600	932389228
932392463	932396196
932399191	932399549
932408671	932411335
932417009	932417980
932418081	932418523
932419372	932419981
932420853	932421531
932422329	932422662
932425475	932428702
932434417	932435310
932435651	932435818
932441350	932463697
932465416	932466961
932470756	932486982
932492038	932494822
932495918	932496512
932498631	932504674
932505817	932521140
932521942	932522273
932524282	932525229
932526160	932529588
932530779	932537341
932540797	932547513
932550889	932559595
932562483	932566399
932587098	932592903
932594634	932601620
932603799	932611888
932616154	932619001
932619581	932623846
932627169	932627258
932628292	932635506
932637850	932641762
932648123	932658501
932662932	932664855
932666899	932673372
932675678	932680046
932682523	932709376
932711212	932713715
932717212	932723943
932724757	932726404
932729381	932730308
932736772	932738407
932758842	932759066
932760935	932761469
932763575	932765863
932771327	932771745
932791915	932799100
932803648	932807971
932810102	932828440
932935560	932936370
932939605	932948405
932958826	932959434
932960498	932964635
932965829	932968833
932969810	932976045
932976597	932978319
932979353	932989948
932991285	932996087
932997233	932997815
933010476	933012257
933012293	933012412
933014598	933014931
933015825	933018592
933048184	933050737
933061327	933061888
933063485	933067897
933076358	933077741
933078827	933085744
933089709	933090528
933091353	933093218
933095086	933096088
933104983	933105996
933106098	933109832
933142374	933147051
933149548	933150132
933154332	933155191
933166840	933167952
933180305	933228575
933234841	933236147
933237803	933250724
933252472	933264843
933268926	933268991
933269425	933276385
933278719	933289802
933292866	933308454
933316739	933346905
933352584	933352981
933354387	933357405
933369460	933373018
933373946	933376274
933379458	933380182
933390050	933392172
933401132	933405773
933411506	933416378
933419191	933419892
933425997	933428547
933431363	933433253
933467398	933467473
933481667	933483047
933498781	933499059
933504175	933507523
933512959	933530708
933533260	933533731
933535061	933538290
933539631	933540368
933540661	933543271
933545624	933547418
933554019	933559012
933560786	933578547
933582359	933614159
933626104	933631479
933658954	933661172
933679663	933681993
933685797	933695265
933697149	933697995
933701582	933704909
933705402	933707068
933710382	933713249
933720060	933724188
933726635	933732989
933738363	933753294
933755040	933758333
933763551	933776703
933777613	933796659
933798794	933810507
933816782	933820204
933822603	933827232
933829024	933844069
933844620	933851241
933860664	933868181
933871738	933876868
933880194	933882512
933883904	933895703
933897396	933907032
933909120	933913217
933919242	933927220
933928531	933934329
933942989	933948482
933951212	933960023
933965109	933970404
933984631	933988606
933990657	933996695
933999363	934001566
934004537	934011340
934012338	934012829
934015221	934030026
934033006	934034451
934035818	934039962
934065792	934066467
934079170	934081021
934083340	934090931
934093285	934099524
934103335	934122971
934126605	934153067
934162221	934179538
934180030	934191995
934194572	934199684
934199726	934207132
934212549	934224256
934230874	934243990
934248432	934250640
934257654	934261893
934265631	934267289
934268094	934268336
934278581	934291760
934294840	934299178
934302076	934307717
934309513	934312061
934315699	934319983
934321640	934332597
934333611	934337090
934341532	934348551
934349542	934350097
934351875	934374417
934380729	934409208
934413129	934444664
934457174	934480024
934488006	934503550
934505241	934516079
934518086	934531269
934534908	934539865
934543178	934555499
934558569	934561537
934566136	934566924
934570265	934575046
934579364	934588346
934593938	934594320
934603526	934607122
934608260	934617379
934618944	934623791
934626312	934638534
934642338	934643441
934678632	934681632
934683337	934687193
934688697	934698468
934700165	934724587
934729106	934729918
934734882	934740272
934749183	934759654
934761553	934764139
934764199	934766866
934769511	934781817
934782782	934785893
934787913	934792051
934799416	934805816
934810005	934814838
934816742	934822009
934825021	934835254
934837092	934861073
934861380	934869535
934883764	934887919
934891950	934892607
934895850	934904753
934945006	934945603
934948257	934955323
934957381	934977770
935129407	935139791
935141699	935156449
935158341	935167865
935167907	935168409
935170647	935177366
935179081	935187045
935188296	935188891
935193460	935194621
935195991	935210231
935212593	935214377
935215876	935221320
935223510	935227064
935229277	935238455
935239579	935240653
935241927	935244473
935246268	935248398
935264940	935265091
935266781	935267440
935268670	935269731
935272939	935289446
935294958	935296441
935297264	935300788
935302229	935307516
935307581	935325157
935327618	935329657
935331196	935342495
935344652	935347109
935349860	935355107
935358716	935363437
935364721	935379524
935380867	935394597
935394642	935413833
935416561	935419811
935422071	935424298
935426469	935427438
935432174	935440025
935441697	935443997
935453782	935456759
935456819	935460333
935464161	935475997
935478488	935491275
935494493	935494792
935495170	935497417
935500148	935500953
935502150	935517451
935557148	935558828
935560001	935561731
935564063	935570689
935572280	935573341
935574302	935575904
935578012	935586478
935589327	935596804
935598275	935601046
935604250	935608709
935609962	935621952
935622144	935637040
935639180	935652897
935657326	935679831
935689166	935690117
935690224	935692920
935694609	935700114
935702502	935714506
935718349	935722982
935726672	935732848
935734795	935746184
935751213	935758791
937473630	937476189
937477622	937500399
937542194	937556274
937575484	937586931
937801896	937804123
937804181	937812174
937833858	937847529
937878164	937893008
937896849	937913115
937921459	937927071
937929145	937940728
937942520	937943343
938000353	938003143
938004408	938008920
938012306	938016943
938021663	938024130
938024258	938026887
938027196	938029028
938029312	938030759
938035980	938042773
938043653	938046582
938050369	938051871
938061400	938064731
938068286	938096161
938115802	938124803
938168989	938185709
938225855	938226151
938231454	938237833
938238057	938252810
938254947	938259067
938267235	938273143
938320179	938325461
938353157	938363873
938365976	938373297
938416945	938421758
938425329	938426679
938430855	938432685
938432710	938439818
938443267	938448361
938451380	938452236
938501272	938503876
938533176	938534439
938537469	938541723
938597964	938610749
938620069	938623936
938629763	938632375
938634128	938634317
938636512	938643116
938650871	938680220
938681540	938681661
938684218	938685003
938686353	938687318
938698765	938699323
938703016	938703510
938752801	938772062
938774560	938784107
938786041	938789645
938793393	938803002
938804704	938805597
938807495	938810317
938814174	938814468
938820420	938823787
938829945	938830645
938832203	938834247
938836796	938837799
938838951	938839962
938853837	938854761
938857212	938867552
938870726	938876483
939035694	939041234
939042180	939043599
939046455	939046839
939048836	939066327
939067906	939069730
939072309	939087498
939098292	939116936
939119643	939120843
939122760	939131931
939134364	939147721
939160593	939168105
939171963	939199065
939204965	939214504
939216429	939238657
939244085	939245669
939247480	939262958
939264557	939281629
939283490	939287168
939287360	939312269
939323481	939334720
939343507	939353763
939358229	939376252
939378243	939384753
939387672	939389382
939393520	939395379
939397000	939399352
939406812	939407107
939412536	939415104
939421539	939424883
939426231	939430239
939431382	939447846
939460728	939464778
939467618	939469447
939472264	939475202
939477180	939481452
939518254	939521179
939533692	939561040
939618730	939628387
939634851	939647964
939653334	939655748
939657435	939660272
939660924	939662344
939675615	939684491
939692632	939709632
939713630	939732416
939737372	939740466
939742951	939755405
939765730	939777194
939786625	939792537
939795135	939829011
939831746	939852530
939855971	939870505
939885315	939892166
939895868	939939166
939946485	939949631
939951632	939986659
939991663	939993951
939995454	940012146
940015978	940025468
940027889	940028522
940054090	940082301
940132069	940132891
940139471	940160854
940170881	940185198
940187058	940187254
940190961	940194328
940211183	940212919
940214745	940255278
940263961	940273631
940276644	940277211
940283008	940283721
940284792	940287539
940294715	940302482
940304279	940307400
940308986	940326160
940327794	940343926
940348074	940349067
940350937	940351460
940352388	940353124
940354851	940360540
940362226	940362834
940365359	940368199
940372320	940375972
940529747	940530753
940534854	940557107
940559639	940576411
940589583	940597995
940603911	940606100
940624312	940629500
940641205	940644078
940646524	940654028
940655819	940666023
940672486	940680824
940710959	940717454
940719353	940733943
940734960	940774407
940782543	940791423
940843743	940861248
940862153	940862475
940862702	940867765
940869992	940870083
940874003	940874296
940877991	940897876
940900175	940902305
940903190	940922182
940924012	940925270
940929599	940929829
940937136	940937200
940938969	940939192
940944281	940948441
940949373	940960741
940962338	940963227
940963310	940966227
940966326	940968404
940971201	940976686
940984501	940985244
940985352	940993014
940994647	940995929
941000539	941001030
941008186	941011588
941012662	941013130
941013965	941014054
941014733	941015855
941021244	941021604
941022458	941030727
941032839	941036173
941038501	941048078
941064564	941067582
941071831	941122937
941127946	941130268
941132104	941145392
941150247	941154564
941157969	941158306
941161815	941194824
941197405	941227887
941231725	941233425
941238428	941239561
941244407	941251321
941252360	941275807
941280327	941288780
941290197	941294829
941296421	941299514
941336632	941344211
941346143	941373617
941376222	941383524
941386056	941388646
941391994	941395958
941403878	941411418
941412764	941422259
941425135	941439078
941446323	941453019
941455988	941461369
941472234	941473279
941474811	941476173
941477258	941477464
941479159	941479984
941485265	941490017
941492955	941493596
941494705	941497838
941500300	941502890
941505841	941512102
941515078	941524134
941684461	941684776
941686481	941686637
941690956	941698690
941703004	941735029
941738578	941749308
941754198	941757137
941764675	941799404
941805858	941815398
941817296	941819445
941837459	941839248
941842909	941854067
941861494	941873590
941881500	941892102
941897154	941899044
941900441	941904266
941938842	941959777
942139555	942155423
942156313	942158952
942162482	942168933
942174770	942175044
942197140	942201217
942204139	942208714
942210317	942214886
942217947	942218461
942218613	942254386
942265831	942268626
942272234	942273509
942274856	942276135
942278336	942284034
942285140	942299088
942303214	942316874
942318324	942361805
942363882	942377231
942385942	942418134
942440116	942442417
942450041	942450449
942451497	942456774
942458109	942466590
942473476	942485944
942488996	942499374
942571561	942576003
942580945	942582722
942584427	942585980
942587928	942592551
942593397	942595787
942598728	942601923
942658377	942675830
942676886	942677287
942680676	942681245
942733339	942743551
942746012	942756649
942772479	942772936
942775198	942777119
942798616	942798832
942801048	942803517
942810518	942812249
942812955	942826372
942830360	942853188
942857042	942859390
942861879	942862969
942865987	942867632
942868794	942869479
942871287	942873023
942880224	942887440
942892315	942912011
942930215	942935617
942953027	942953222
942957751	942960299
942963045	942971170
942976578	942977576
942979026	942979550
942981728	942995780
942997671	943001823
943004814	943007689
943007871	943015978
943017945	943021950
943033219	943034589
943038131	943039041
943040960	943047034
943049450	943058082
943061975	943073081
943076802	943102804
943107973	943114647
943140265	943149101
943151000	943157353
943161134	943168290
943172645	943194880
943212926	943217547
943218539	943226391
943227807	943232457
943234473	943258951
943263493	943298288
943299778	943308117
943309832	943338749
943342276	943345550
943349649	943370183
943370417	943376215
943380223	943384731
943386591	943388240
943389667	943392590
943394089	943395693
943398513	943398801
943400405	943401024
943404911	943410190
943412919	943430652
943435317	943436100
943438345	943440795
943444537	943453785
943459626	943470339
943472870	943476815
943476977	943485617
943487118	943500954
943503342	943537372
943541981	943552725
943558445	943565725
943569756	943590797
943592837	943595828
943599439	943629651
943630725	943631108
943634559	943634738
943636332	943638321
943641339	943645776
943648729	943662693
943663389	943666475
943669727	943674310
943675881	943701628
943703870	943709365
943715988	943720019
943740795	943750183
943751516	943760893
943764852	943769796
943770907	943800889
943803740	943804292
943808425	943824193
943828486	943836178
943843287	943851292
943852280	943858900
943865513	943887083
943888887	943889801
943890977	943891049
943893349	943906203
943907703	943914939
943916987	943919462
943920157	943934267
943935866	943951195
943952214	943955113
943957016	943965072
943968273	943971172
943973209	943977762
943980402	943983185
943983878	944004170
944006081	944015009
944017658	944033544
944035346	944044696
944046357	944056644
944059041	944081176
944083917	944106024
944108679	944126211
944183787	944190315
944191727	944203039
944203261	944232074
944235341	944235828
944236765	944237894
944239307	944245283
944247204	944250769
944252326	944258058
944259448	944261878
944262095	944267633
944270686	944280095
944284485	944312402
944315841	944319932
944320760	944321454
944376755	944378010
944382082	944390297
944390585	944404929
944406525	944407248
944423312	944423662
944429514	944430341
944435229	944437002
944438232	944442533
944443677	944447972
944454060	944456103
944456837	944465177
944468039	944474801
944478280	944493978
944496027	944497411
944500631	944502221
944505477	944508939
944536113	944538750
944539836	944545083
944551614	944570788
944573186	944580160
944581447	944582437
944583263	944585743
944591884	944592520
944592597	944593317
944597320	944599188
944601277	944602371
944606252	944609288
944611461	944616390
944620780	944646883
944657576	944672222
944682207	944685088
944688207	944694593
944696281	944713713
944722581	944725094
944731294	944756779
944762241	944769756
944771613	944772096
944772652	944773497
944775605	944803991
944806455	944808121
944814359	944820628
944823318	944837768
944844775	944844975
944850230	944852445
944853854	944854647
944854915	944855671
944859644	944863660
944868337	944868686
944870172	944883376
944886043	944927069
944952966	944956572
944958148	945010532
945017826	945020417
945030252	945032489
945034449	945035312
945036592	945036843
945038173	945039847
945040985	945041296
945044497	945049798
945054417	945095495
945102675	945104189
945105537	945109855
945121715	945124188
945128293	945128463
945129162	945135260
945136125	945142719
945146316	945182419
945184506	945185798
945190352	945193631
945243366	945249361
945252716	945263735
945266987	945275269
945276651	945285010
945288049	945288622
945292583	945302089
945308839	945377249
945381006	945386960
945388591	945390616
945392247	945429106
945438966	945444608
945447216	945448283
945452106	945458825
945468842	945480182
945480668	945483780
945489587	945491028
945496563	945497988
945498591	945508971
945514448	945527118
945583284	945589172
945594394	945613693
945626617	945627025
945629715	945632670
945634901	945635622
945637588	945649445
945655251	945669864
945671933	945699231
945710309	945711986
945715152	945722500
945724456	945765539
945772693	945814637
945817466	945843357
945845664	945873469
945875285	945904366
945909396	945919103
945920861	945964572
945966285	945976440
945978440	945995029
945997166	945997793
945999544	946015582
946017774	946056000
946059034	946059550
946060313	946060882
946061994	946062174
946063370	946064629
946065709	946067032
946068349	946068806
946069450	946072078
946073357	946075548
946076460	946086263
946087581	946088558
946092799	946097707
946098290	946112438
946118390	946132552
946134779	946137551
946146741	946146941
946149910	946150483
946152909	946154403
946155437	946156435
946157853	946163966
946164714	946166497
946173418	946187467
946191359	946201621
946204618	946214174
946218848	946227405
946229631	946230095
946232581	946234194
946236534	946240151
946262239	946274072
946278277	946285989
946291963	946298218
946310697	946329936
946334438	946339035
946340946	946351811
946356479	946360633
946362652	946369162
946372854	946382643
946395595	946396763
946400173	946404989
946412312	946413589
946415770	946422998
946427047	946436310
946439489	946447006
946457753	946457944
946462986	946471011
946495349	946515184
946518234	946523277
946528052	946548501
946551509	946557712
946559688	946578557
946580738	946586820
946589828	946594225
946604804	946609147
946610200	946622012
946623931	946635405
946642518	946650432
946654066	946655299
946658932	946659838
946660677	946662270
946663746	946664575
946669505	946671170
946674008	946675814
946678232	946679686
946680407	946683176
946684077	946688505
946693053	946701498
946705117	946705501
946707201	946711795
946712564	946722658
946729604	946729765
946735405	946738415
946770079	946771256
946776739	946799031
946802877	946818946
946823971	946824770
946830479	946831049
946836960	946840722
946845091	946846284
946847415	946847615
946851386	946855058
946858213	946868814
946869580	946909297
946918503	946919136
946920330	946920523
946922189	946923152
946925898	946928385
946929618	946930152
946931167	946931281
946933903	946934311
946939911	946940086
946941137	946942004
946949672	946962963
946966021	946994768
946995332	946996113
946997515	946997870
947000296	947001773
947004009	947008275
947011403	947012346
947014516	947016605
947023785	947026978
947027708	947045834
947054345	947059726
947062268	947072479
947073606	947073721
947074093	947093015
947096822	947100296
947103357	947109226
947111560	947118577
947124101	947125438
947128357	947137741
947140376	947198810
947210536	947225172
947228635	947234365
947242458	947256890
947257996	947258090
947258944	947259149
947293537	947294464
947294900	947297162
947301748	947314985
947317193	947318074
947323004	947344275
948444884	948455066
948462478	948476360
948540482	948540581
948547076	948547315
948547923	948548621
948597702	948615683
948640408	948644198
948712708	948717776
948724888	948735688
948740849	948745461
949008598	949020449
949048288	949057744
949059179	949063304
949068025	949077671
949080380	949083185
949111704	949133516
949137090	949145607
949147849	949160769
949291761	949298096
949303943	949305079
949309491	949313367
949317318	949320976
949324603	949325334
949327453	949331508
949381472	949405729
949407153	949417981
949460346	949467309
949469621	949504650
949506284	949507013
949509167	949515838
949532733	949532877
949535400	949559009
949599343	949605682
949621060	949657805
949665369	949666916
949669261	949685404
949726733	949733344
949736254	949762867
949810685	949816112
949818863	949831919
949834010	949847725
949850332	949857649
949872936	949873206
949874868	949877227
949878147	949881103
949888419	949893414
949898617	949937243
949939190	949942738
949962209	949971364
949972017	949972617
949973460	949980867
949982483	950002688
950004719	950006145
950007820	950010151
950011853	950012199
950014570	950016868
950018418	950019955
950021124	950024358
950025150	950026258
950029470	950037114
950043392	950050419
950058930	950062414
950064242	950064464
950075801	950076366
950081734	950095553
950098106	950108482
950109748	950126753
950128837	950170207
950173385	950175483
950176741	950197222
950198725	950208406
950209788	950227920
950230370	950288178
950296801	950297447
950300116	950302151
950303711	950309865
950316422	950328235
950331094	950358048
950361539	950374045
950414802	950456789
950458151	950458442
950460093	950463891
950466865	950470102
950482057	950491442
950497767	950501660
950506584	950514085
950517846	950549442
950554845	950559185
950561894	950566443
950571375	950593751
950603476	950606764
950608628	950613810
950616535	950635361
950666417	950666775
950669955	950671378
950675738	950681000
950681146	950695585
950697229	950719712
950724276	950744718
950752681	950753210
950774055	950821831
950827710	950840427
950843186	950846153
950864745	950889799
950894122	950899032
950900662	950901464
950902940	950910275
950912626	950966853
950973645	950974951
950999740	950999987
951000243	951001732
951003618	951005178
951007617	951017427
951025168	951026511
951028836	951048849
951053214	951080263
951084966	951087213
951090751	951093433
951095742	951103437
951110708	951116616
951118760	951125429
951128294	951141989
951148034	951152258
951157872	951164427
951166521	951167716
951170468	951179393
951184198	951208265
951215448	951244912
951246163	951250175
951259754	951261590
951265889	951288464
951321159	951321532
951326019	951329722
951342537	951348362
951351989	951353471
951355513	951392340
951395712	951434029
951437227	951447498
951449877	951508531
951515291	951519552
951519616	951521983
951522017	951522753
951524562	951538800
951541190	951543768
951547648	951555282
951559942	951580821
951610420	951624600
951634380	951635632
951637017	951648485
951652071	951666284
951672374	951675938
951683097	951690867
951694371	951697943
951705325	951723121
951727386	951747342
951762129	951767069
951767106	951767457
951777682	951778315
951785793	951796082
951798533	951808638
951810499	951812428
951816511	951816795
951820231	951825649
951851380	951853899
951855311	951855609
951857051	951857175
951858611	951859684
951861794	951861857
951865166	951892153
951895268	951900532
951902627	951912711
951917697	951918158
951920193	951923015
951925983	951929511
951932994	951939190
951940772	951947034
951950570	951951993
951957137	951967093
951968534	951981372
951986324	951995676
951998816	952000458
952002316	952008107
952041015	952050789
952052106	952053584
952056215	952057826
952061848	952064829
952066259	952066810
952068513	952072570
952076792	952077536
952079929	952083833
952086337	952098258
952100094	952101484
952135714	952142445
952146750	952161125
952164359	952173102
952177525	952179249
952221746	952237327
952244839	952247485
952253837	952258137
952261575	952265254
952271637	952273571
952293024	952294441
952303710	952310152
952311863	952338041
952345876	952354391
952383838	952389513
952390541	952405324
952405948	952420798
952430714	952448608
952450101	952451794
952456053	952461222
952478982	952482513
952499821	952513182
952517590	952520280
952522276	952544873
952545407	952553545
952556487	952566160
952594296	952595560
952597799	952601556
952603580	952614833
952617757	952641068
952643611	952657477
952675980	952682495
952684948	952692003
952695103	952699212
952727308	952732082
952733312	952737930
952740079	952742132
952747367	952754524
952756478	952765972
952772215	952772360
952776306	952778241
952807342	952821905
952823743	952825877
952833746	952838777
952846119	952872302
952883188	952888104
952889743	952890514
952893912	952898883
952903431	952923491
952927178	952934726
952934799	952952390
952959672	952964046
952967822	952974923
952976569	952980342
952982242	952983708
952988414	953016177
953021644	953050517
953059160	953061377
953062634	953069282
953070658	953072884
953075613	953076250
953079031	953097116
953100702	953115943
953124698	953129616
953136629	953141283
953143380	953153539
953155477	953155924
953157362	953160002
953162233	953181083
953186477	953192904
953194349	953210793
953215382	953232275
953236586	953244474
953270745	953303572
953308152	953311277
953312207	953313066
953317079	953320811
953322199	953322418
953323135	953323755
953326312	953335685
953339255	953366652
953373572	953384301
953412103	953427112
953432114	953445292
953448481	953461554
953466380	953491089
953498682	953505629
953515181	953551783
953554666	953576893
953578036	953581708
953594006	953596022
953597321	953602986
953616439	953626869
953628882	953635925
953637441	953651107
953652548	953654563
953670172	953670477
953672117	953674630
953677854	953686249
953687731	953720156
953723264	953744472
953747723	953768727
953778450	953796290
953803579	953821938
953826693	953835689
953839193	953846723
953876314	953898197
953927267	953927750
953942055	953946846
953949192	953965841
953978947	953981335
953997580	953998545
954016251	954025319
954026234	954026473
954032920	954053209
954057145	954076002
954093895	954094782
954096392	954096627
954099305	954101882
954103128	954113354
954114426	954145426
954150641	954159230
954168933	954174251
954181771	954184871
954186170	954192129
954192430	954198559
954199957	954235300
954238847	954245618
954248876	954252520
954258949	954267122
954268966	954269930
954272921	954278145
954280782	954283580
954308412	954308759
954311077	954314026
954323268	954342905
954345357	954354258
954357623	954365787
954366832	954368417
954370689	954386373
954394278	954398980
954401111	954401392
954408151	954436566
954439391	954440068
954441583	954443397
954445052	954455780
954479102	954482151
954487370	954493838
954495479	954498860
954560485	954577308
954581500	954584773
954585857	954591638
954592601	954598694
954642325	954652936
954655768	954662508
954672861	954689040
954704638	954705779
954706822	954709298
954710499	954713679
954749986	954752623
954753762	954754705
954755825	954757451
954760131	954762016
954763820	954765044
954766645	954766775
954803909	954805342
954820232	954820744
954830637	954834319
954836735	954839463
954842034	954847956
954866631	954872581
954874200	954883488
954896911	954899121
954899827	954905440
954916365	954922126
954923326	954932177
954933409	954935071
954938890	954942743
954951679	954960396
954975441	954981927
954997783	954999350
955008275	955010379
955012128	955014831
955034459	955043333
955052309	955052459
955054316	955059572
955061495	955063025
955082925	955086902
955088505	955090618
955094058	955098467
955102527	955107728
955131697	955131807
955131963	955132311
955144047	955145794
955148618	955167591
955170783	955190281
955194306	955206371
955236927	955238625
955245502	955250895
955254306	955257765
955260155	955283037
955283110	955288554
955297454	955299614
955309168	955311061
955314826	955328114
955331729	955337123
955337631	955337886
955337936	955355896
955365358	955366335
955368239	955383318
955383386	955384775
955400580	955410720
955413788	955415305
955420988	955421799
955425726	955435482
955436592	955459168
955470357	955475255
955475590	955480509
955482835	955486164
955486194	955489343
955494182	955507281
955510213	955511361
955512633	955534328
955537997	955541712
955543207	955550255
955551553	955552115
955553989	955567565
955567586	955570113
955571546	955577376
955579948	955588742
955590858	955591398
955593395	955599692
955600949	955606347
955609809	955633127
955639966	955660911
955664355	955673029
955674039	955683832
955685159	955690279
955693751	955696084
955697912	955708725
955710358	955719896
955719918	955725634
955731428	955733430
955738579	955741651
955743852	955750989
955753060	955767516
955768853	955783131
955786173	955790496
955794865	955795059
955795252	955796003
955797581	955798988
955800352	955810922
955843908	955848906
955852055	955862616
955864486	955864901
955866456	955869948
955871613	955889005
955890297	955902865
955922991	955924061
955925355	955928037
955937585	955937703
955937770	955949085
955951806	955965890
955969182	955978577
955998428	956014065
956014176	956016240
956016245	956017006
956018628	956024278
956026522	956028794
956032603	956053015
956056573	956060662
956069508	956072843
956075441	956077382
956088065	956095607
956098798	956112976
956114104	956122736
956124338	956130709
956131886	956141773
956145631	956179822
956184154	956202264
956203710	956205203
956207311	956224794
956226382	956229905
956230614	956262605
956264222	956273794
956293930	956309289
956310857	956328893
956330248	956332214
956337868	956340648
956344692	956349120
956351085	956354127
956359542	956360918
956363888	956373877
956382841	956389293
956389587	956406957
956408393	956415903
956438872	956443910
956449001	956450213
956453516	956457852
956467065	956471172
956472920	956479451
956480733	956481269
956482430	956505694
956510572	956524834
956526771	956528788
956534249	956534557
956541135	956546385
956549019	956553264
956558820	956591416
956600136	956605065
956619520	956619636
956627712	956628253
956680494	956682851
956685767	956687889
956693483	956693603
956694759	956701925
956704117	956704756
956722811	956723822
956731032	956732683
956734992	956773087
956775615	956780772
956821566	956832062
956834947	956847972
956849537	956857182
956866838	956870695
956872349	956898032
956902180	956903871
956905712	956909965
956919553	956920301
956923097	956929516
956977893	956978686
956979708	956988705
956991372	956997094
956997701	957008022
957011934	957018525
957044868	957049283
957053629	957059247
957063549	957071895
957074560	957076998
957078168	957078264
957080476	957092706
957094352	957106576
957110087	957113314
957115283	957116539
957124192	957129416
957131141	957133177
957136209	957144869
957153221	957181240
957187071	957199287
957200086	957214655
957217159	957222921
957224173	957226655
957231030	957233062
957234314	957239449
957241981	957280643
957292177	957293080
957294895	957295362
957296480	957297903
957299905	957303746
957318806	957330775
957331237	957355090
957357290	957379335
957386592	957388626
957394509	957404849
957407885	957417089
957433181	957467293
957468932	957480207
957481821	957494073
957495560	957544410
957551235	957554959
957557818	957569623
957587773	957603094
957605489	957617759
957618957	957625269
957644711	957645403
957648255	957651925
957654888	957655022
957656994	957695607
957697149	957732465
957738014	957746011
957748499	957764241
957768856	957778065
957786846	957797315
957805440	957813012
957813845	957813959
957815826	957816033
957817454	957819778
957831278	957837425
957842569	957849126
957852773	957892267
957900371	957900924
957902440	957903055
957904077	957908822
957909801	957913767
957915261	957915530
957917560	957972726
957977815	957988023
957992387	958011364
958012911	958022724
958024884	958037803
958040365	958041763
958043233	958083004
958084611	958104176
958105517	958119731
958121010	958123815
958126114	958131742
958139084	958151904
958153480	958164116
958165259	958196016
958202398	958204033
958206411	958227163
958253400	958256245
958258354	958274601
958276201	958278378
958282277	958290526
958299220	958310178
958312011	958320978
958325429	958326238
958328862	958336330
958337706	958352685
958368780	958385216
958387183	958392567
958397460	958399936
958400128	958401384
958403641	958407977
958411544	958421926
958426193	958429575
958431662	958433962
958440367	958444339
958446560	958448940
958452736	958492352
958492721	958503778
958509374	958509987
958512657	958515248
958519664	958532927
958538559	958556891
958558352	958573323
958582929	958583029
958588045	958608592
958610325	958641829
958644921	958690178
958693927	958708214
958716056	958720933
958728874	958729549
958738118	958753736
958757824	958759132
958762500	958762721
958771625	958771810
958777747	958781641
958784723	958787037
958800438	958802282
958803828	958817988
958819684	958825320
958826663	958830102
958833328	958836828
958888571	958894445
958898392	958899964
958904293	958911771
958913293	958913747
958914800	958919616
958922476	958926911
958933059	958936186
958938320	958938893
958940614	958955442
958955650	958961942
958976297	958986442
958988331	959007810
959013022	959016488
959025483	959034000
959034075	959042161
959046814	959061265
959063793	959076851
959084353	959084556
959087852	959091833
959107093	959107529
959110653	959110830
959112781	959114561
959163351	959173421
959175241	959195011
959196563	959209905
959219689	959246922
959253952	959276097
959279378	959288395
959295244	959299326
959299680	959312101
959316532	959377571
959377922	959380339
959385983	959398510
959402187	959412001
959417973	959438733
959459667	959462509
959463987	959465527
959467229	959471416
959487824	959510525
959516212	959520673
959530243	959532695
959534438	959543640
959579437	959579610
959581173	959582119
959584207	959584388
959588079	959596554
959598412	959603067
959604602	959618870
959622482	959622639
959628370	959637066
959640731	959648316
959659478	959715851
959720253	959726092
959729814	959730145
959732833	959739508
959739622	959742969
959746939	959750708
959752780	959764093
959767122	959767252
959769528	959782186
959787638	959800259
959803849	959837097
959841746	959847711
959850405	959862341
959863702	959872538
959872614	959876240
959879601	959880852
959882662	959882830
959885662	959889012
959891069	959899022
959900565	959901315
959903363	959926320
959928130	959939222
959941156	959958257
959959780	959964974
959966586	959969493
959971304	959972565
959972694	959973380
959975036	959978412
959982894	959991135
960001269	960006562
960006714	960019943
960021865	960036850
960038140	960044461
960076645	960082102
960085933	960087634
960090584	960091953
960094767	960097501
960099816	960103799
960105396	960128315
960134566	960135952
960169058	960171305
960176733	960180177
960180768	960183219
960187219	960195954
960200243	960201211
960204199	960205385
960209933	960212264
960224849	960224933
960230102	960231496
960240861	960243251
960245646	960246021
960276755	960277644
960283529	960284522
960286288	960286687
960288192	960289733
960291969	960294833
960295366	960295614
960296234	960300695
960304791	960308364
960313504	960314904
960321863	960325403
960345431	960348934
960360940	960361808
960370821	960371035
960426011	960430661
960435015	960435873
960438001	960444978
960446732	960450885
960452516	960455080
960457869	960460350
960461893	960462369
960464237	960465667
960468014	960470753
960476822	960482141
960484902	960485507
960486953	960489226
960490704	960491385
960497359	960498406
960501151	960510810
960521440	960521782
960525518	960526204
960531785	960532510
960534997	960535396
960536846	960537825
960539830	960548550
960549973	960552065
960554301	960556217
960564584	960565611
960570427	960574209
960575956	960577759
960586389	960593036
960602576	960606282
960619904	960649122
960717101	960717778
960719602	960719902
960721561	960732899
960735537	960739409
960741670	960744464
960747291	960750365
960757998	960760803
960763791	960766590
960794142	960798008
960800511	960805717
960807640	960819839
960834654	960836820
960840462	960842193
960844211	960845461
960847853	960850035
960879659	960881311
960885121	960888554
960890934	960893779
960895977	960896204
960898289	960902597
960909516	960917094
960918790	960921885
960923049	960923497
960926680	960931426
960936873	960940059
960942503	960944014
960964054	960977171
960979509	960983392
960985012	961001575
961002961	961028133
961050819	961058715
961210060	961214378
961217923	961230415
961234000	961243877
961245960	961252320
961279939	961288242
961289713	961294417
961311060	961312329
961312569	961325882
961327423	961350310
961357797	961358616
961360864	961361280
961364375	961364942
961367297	961368138
961371043	961394975
961396988	961404283
961406170	961418382
961421140	961431066
961438805	961442699
961444561	961450952
961454469	961454594
961456142	961480564
961482706	961497817
961501108	961510215
961515804	961516436
961521270	961522778
961524606	961525653
961527557	961527664
961528948	961535820
961537381	961556248
961559720	961566220
961573355	961582329
961585019	961589261
961596192	961603580
961605811	961605991
961607878	961615982
961617672	961637584
961641212	961642554
961651627	961655641
961657355	961659252
961661612	961664965
961669268	961683052
961684473	961710485
961712768	961717716
961720002	961724624
961737304	961742464
961745524	961751306
961754202	961757535
961759540	961776192
961778359	961780398
961782387	961787482
961789812	961792779
961794747	961796833
961798388	961798668
961799750	961802482
961827382	961827833
961835601	961837592
961837626	961838456
961840192	961848159
961849593	961858982
961910386	961916431
961917900	961918183
961921393	961945755
961946082	961959590
961995751	962002230
962006244	962008499
962010436	962021236
962023656	962031051
962033276	962040501
962079329	962089204
962090551	962098630
962099958	962101790
962103136	962123515
962218902	962225680
962226136	962231327
962238052	962239286
962241246	962255050
962256815	962276944
962278804	962295468
962302965	962310033
962314608	962316436
962344524	962358195
962360660	962415674
962430175	962434104
962434612	962452435
962453629	962461416
962462801	962464655
962484346	962489148
962491069	962497654
962512296	962532534
962533929	962547085
962549932	962551818
962553883	962562648
962565880	962567968
962572167	962574201
962600905	962608221
962609752	962634145
962641861	962645457
962647169	962651041
962652636	962655104
962661855	962662925
962697963	962706838
962708981	962710712
962712270	962729250
962730436	962743309
962745566	962749301
962752294	962757614
962761222	962767612
962770596	962773640
962778633	962798212
962799695	962801251
962801807	962814208
962816372	962859472
962861391	962881337
962882799	962927081
962933779	962944469
962948181	962953659
962959502	962979866
963006913	963009807
963012920	963014197
963037411	963068872
963201875	963242220
963244299	963245103
963249966	963286102
963299807	963326109
963335750	963352177
963353884	963468215
963478836	963481531
963483671	963494273
963514650	963518101
963527880	963556993
963575140	963592476
963598570	963672450
963694542	963697865
963700818	963717877
963719161	963745933
963747533	963751101
963752286	963758984
963760848	963779423
963785011	963811046
963815495	963829255
963830679	963853723
963870642	963871291
963897626	963901319
963901758	963902480
963908762	963934995
963935945	963951602
963973083	964000429
964001388	964029079
964032622	964033831
964036809	964058096
964060171	964169151
964172581	964201446
964203527	964232507
964233015	964280001
964315151	964318068
964318695	964320331
964321814	964329505
964330255	964343695
964343911	964368822
964373425	964383950
964387835	964412236
964414280	964443357
964444243	964465936
964469181	964474334
964476445	964488875
964489510	964496867
964497784	964497934
964505764	964522248
964524534	964526144
964530930	964596872
964601408	964615349
964618458	964632239
964634737	964723914
964726450	964826081
964829879	964871823
964872417	964883173
964908968	964933211
964934695	964962363
964969304	964977516
964979291	964993780
965043531	965044617
965046108	965055709
965060380	965085309
965098147	965102623
965106489	965125891
965127908	965144305
965146355	965148800
965504788	965508638
965529827	965533752
965541133	965545820
965546074	965553144
965553527	965583892
965584699	965594467
965596365	965601213
965601982	965641827
965645826	965649860
965658742	965666564
965673037	965673312
965675528	965681003
965691494	965694784
965699646	965750745
965753873	965763830
965768076	965770367
965781288	965797299
965797779	965807061
965811674	965830948
965832600	965835264
965836828	965862323
965868363	965874012
965876809	965921245
965923163	965944757
965959324	965965906
965967787	965969427
965971585	965984648
965984827	965991899
965992451	965995644
965997338	966023279
966047120	966048735
966055558	966080606
966082620	966092446
966119231	966136221
966138174	966184914
966194457	966196255
966198259	966216644
966217200	966286874
966305401	966308421
966311909	966365102
966369221	966371341
966388140	966414867
966416641	966437781
966441389	966457137
966460486	966467685
966471228	966490668
966493081	966505527
966507409	966550278
966551748	966554687
966565457	966566556
966568416	966613786
966616104	966637431
966642146	966651541
966657442	966697660
966723378	966727740
966729881	966779966
966782217	966783238
966785151	966800709
966803258	966804650
966812926	966871178
966872466	966889521
966912834	966916658
966920757	966945729
966947490	967054549
967056247	967060107
967061880	967144173
967147000	967200106
967201703	967245873
967247330	967269441
967271201	967272412
967357045	967357522
967361430	967361630
967366781	967367479
967369771	967383791
967385565	967385656
967388167	967390256
967391965	967393793
967414776	967486812
967663096	967665581
967668392	967679994
967704535	967742073
967749348	967759439
967762112	967766523
967771817	967816864
967820168	967827277
967829196	967832904
967834564	967835614
967837483	967845900
967848140	967850707
967853803	967877896
967880357	967885463
967889388	967889497
967891699	967893514
967895471	967895831
967897568	967899016
967903073	967905733
967930478	967931467
967946924	967951149
967953605	967981906
967983752	968004056
968005742	968016905
968020385	968029059
968031954	968032032
968035241	968037555
968042392	968042476
968049156	968057526
968059194	968059518
968062582	968067428
968073269	968076671
968081304	968081514
968088779	968089488
968098510	968099350
968101272	968106400
968123315	968173339
968178685	968188834
968190279	968199849
968200823	968230989
968232954	968267933
968279879	968282906
968286821	968287027
968293822	968312921
968315002	968356337
968356625	968356975
968366905	968369404
968380383	968381188
968383115	968392753
968394475	968398052
968399606	968459018
968463190	968463987
968469840	968489501
968490873	968492382
968495044	968495266
968507607	968508770
968559470	968560658
968564990	968566447
968569775	968572468
968576594	968597632
968605094	968607619
968609629	968609944
968613339	968614108
968616456	968624002
968626943	968630179
968632249	968641010
968642871	968644430
968646220	968681205
968686357	968686575
968688760	968690950
968692881	968714403
968719346	968778123
968780608	968786178
968796318	968829116
968832459	968873476
968874869	968874963
968876500	968949287
968950937	968955444
968957054	968959255
968960842	968963872
968965334	968979085
968981134	968990857
968992828	968997887
969004524	969042931
969044519	969050478
969058001	969058572
969060677	969116717
969139130	969144098
969144595	969154548
969171767	969178308
969179808	969206228
969215864	969217264
969220206	969222196
969224615	969226913
969229037	969232391
969237881	969238505
969240547	969240630
969244075	969255364
969258313	969288262
969290995	969295734
969299257	969302501
969308158	969317665
969322761	969329869
969332622	969343665
969345158	969380039
969382579	969383867
969383938	969387522
969389217	969390753
969393044	969424040
969425872	969451903
969455030	969506077
969508725	969517829
969526275	969542699
969544984	969561322
969563467	969563680
969565506	969574474
969576461	969582428
969586001	969630963
969636722	969652528
969658202	969713812
969717809	969721228
969741560	969744589
969747238	969749242
969750734	969753956
969757018	969773038
969781218	969792873
969794909	969798804
969806271	969814652
969816076	969816642
969824554	969824751
969826868	969828889
969831521	969837067
969839325	969871377
969872854	969914518
969917004	969918430
969920035	969959088
969960759	970006454
970007824	970026375
970027693	970041257
970042980	970084305
970085607	970090176
970091735	970093192
970097402	970134243
970137093	970144864
970146859	970168282
970170027	970207203
970208876	970227434
970228894	970234916
970236649	970239251
970242019	970254142
970294911	970306390
970309583	970326186
970375709	970376463
970377488	970379983
970387059	970397256
970398564	970414166
970415821	970417458
970419465	970420108
970421809	970426269
970460478	970463303
970465974	970474722
970489242	970492284
970496463	970497253
970539326	970544022
970554692	970565713
970584625	970586381
970592304	970592491
970596480	970608647
970636027	970670056
970672642	970692106
970694627	970696775
970715552	970717706
970724199	970724791
970731804	970858696
970891547	970900379
970901164	970922784
970926997	970931207
970958958	970965075
970966115	971002362
971004792	971014282
971026186	971030348
971044771	971046496
971068791	971084705
971085391	971098784
971110609	971110821
971114263	971114327
971148838	971172026
971175352	971178585
971181822	971187568
971198668	971201637
971231745	971241018
971244991	971259153
971265717	971271669
971283721	971291138
971291952	971292280
971293866	971297521
971321073	971351857
971354464	971361506
971363682	971385649
971387354	971427311
971430972	971450805
971460805	971462611
971502047	971530773
971596522	971622015
