931071407 931071488
931071616 931072768
931072896 931073408
931073920 931074176
931074304 931074432
931075072 931075584
931075712 931075840
931076608 931076736
931081044 931081047
931081116 931082999
931083014 931083016
931106835 931109270
931109285 931109286
931113846 931116758
931138578 931138581
931138606 931138608
931159742 931164448
931169081 931170969
931173201 931177646
931180160 931183337
931184447 931194235
931196928 931198277
931198356 931200671
931202656 931205353
931219808 931222144
931244439 931258197
931262803 931274733
931283141 931283895
931286273 931291375
931292182 931293816
931316529 931318362
931326936 931327524
931329600 931330815
931338015 931341852
931344916 931346515
931351614 931359194
931360447 931360804
931377655 931378788
931379051 931386078
931399838 931403435
931418986 931429673
931432658 931435343
931436894 931454104
931457512 931470369
931471964 931477059
931481939 931484345
931497184 931513808
931527621 931528503
931530408 931531258
931533169 931533173
931533278 931533936
931533986 931534596
931539619 931541927
931543466 931544705
931564298 931566331
931589668 931603897
931612032 931613310
931644305 931651129
931661297 931663386
931665054 931665224
931667881 931677493
931677678 931686073
931711232 931712806
931714816 931717844
931725493 931725988
931736957 931741974
931767329 931777452
931778331 931778339
931782475 931782636
931784402 931795604
931800783 931804184
931808371 931808716
931828415 931829728
931851820 931852070
931852543 931858598
931868288 931883069
931886720 931901248
931916617 931916618
931916646 931921579
931932667 931937982
931938882 931955114
931958871 931964162
931973365 931975455
931977361 931978775
931978915 932001110
932010384 932016625
932018706 932025014
932028052 932029061
932034026 932037734
932038336 932038501
932041014 932059950
932063232 932067915
932069494 932088164
932089009 932124439
932131657 932133056
932133432 932144706
932147240 932152083
932152872 932166877
932167820 932210230
932215353 932216554
932244338 932252635
932258455 932260158
932260423 932297012
932308410 932315358
932317030 932318187
932318474 932321047
932323346 932328933
932329813 932340573
932341069 932343569
932344192 932382267
932399488 932403933
932405518 932411080
932411233 932424062
932424694 932424766
932426536 932427832
932427969 932427979
932432874 932444700
932450319 932452381
932454649 932463988
932465621 932466354
932472525 932473706
932474562 932477233
932480179 932484203
932485199 932485200
932485282 932485855
932487529 932505024
932508926 932511414
932511886 932522841
932532745 932560344
932565587 932575942
932580240 932587153
932588003 932611980
932615516 932618850
932619518 932626290
932627803 932645278
932649633 932662124
932665583 932665738
932668359 932679622
932694881 932722428
932724942 932729891
932745030 932747694
932750394 932756224
932758329 932774441
932774987 932787464
932787816 932813562
932817146 932817148
932817303 932820197
932849188 932861240
932881915 932882129
932884273 932894434
932895736 932900909
932903541 932909775
932911600 932920346
932920716 932920899
932924961 932929553
932929900 932944049
932945797 932954584
932954879 932970928
932972149 932980254
932983019 932984076
932985622 932989949
932993893 932998608
932999808 933005680
933006720 933009216
933012003 933015034
933015321 933017982
933028352 933028732
933029017 933033813
933034236 933035185
933035427 933064993
933067021 933068717
933069677 933070286
933070666 933077920
933083065 933084071
933085312 933085699
933086581 933089779
933093309 933096890
933098578 933099847
933104128 933113961
933114530 933119763
933120006 933156842
933159241 933161550
933165671 933177060
933183532 933183623
933183940 933187670
933190106 933199622
933199781 933218582
933220514 933242396
933246646 933247609
933251473 933272751
933275848 933280610
933282481 933307012
933308352 933308713
933311514 933318454
933319824 933322877
933323436 933333054
933335278 933338910
933340113 933343611
933346794 933350729
933351450 933354897
933356800 933357315
933403516 933416092
933424620 933425693
933445376 933449895
933454515 933458583
933460473 933461033
933463216 933463218
933484229 933498976
933508031 933510093
933512112 933512683
933513247 933522236
933524352 933528034
933530296 933530584
933534414 933534994
933573805 933593020
933593813 933594234
933597724 933598035
933600256 933600362
933601024 933602231
933602827 933604158
933604853 933606200
933606961 933607802
933608394 933608412
933608420 933608424
933608437 933609233
933609802 933612368
933612928 933616642
933617408 933617578
933620646 933621095
933622081 933622610
933624872 933626423
933641080 933644646
933651489 933664594
933665487 933675653
933676947 933678318
933684784 933685428
933686222 933686426
933687004 933687066
933687670 933688089
933690244 933690368
933691001 933691669
933692386 933692579
933693197 933694086
933694689 933695461
933696299 933696906
933699013 933701541
933704064 933705028
933706240 933707175
933707655 933707785
933708937 933709787
933711231 933712357
933714432 933727094
933729792 933730677
933731371 933733291
933734293 933763416
933772816 933772902
933774442 933775893
933778716 933780578
933781482 933783291
933784704 933785304
933785798 933794359
933795132 933808678
933809158 933812314
933812471 933815035
933816877 933817199
933817242 933825291
933826145 933826146
933829390 933842635
933843676 933851726
933865440 933866148
933866738 933867795
933869228 933869320
933869435 933869667
933872227 933872898
933873440 933882616
933883190 933883918
933885570 933890681
933891038 933891039
933891073 933900485
933900670 933914383
933925272 933929582
933930634 933939150
933941359 933942879
933945886 933947524
933949696 933952103
933953534 933953929
933956110 933957377
933958528 933961311
933963431 933963677
933965187 933969529
933998264 934012312
934014112 934023717
934024421 934024971
934028851 934029454
934060826 934061565
934062655 934071436
934074039 934074439
934076090 934084097
934085941 934111747
934112777 934113756
934124604 934124658
934125696 934126681
934127488 934127810
934129284 934129319
934130816 934131129
934143372 934145315
934151819 934152030
934153240 934153367
934164501 934167207
934169252 934169696
934172662 934173837
934173897 934191661
934194795 934198216
934200263 934202934
934203863 934204046
934205550 934205606
934207817 934207877
934208896 934209603
934213804 934213805
934214798 934215468
934216737 934217575
934223388 934223574
934227898 934228496
934229724 934231125
934231889 934235763
934242716 934253952
934255145 934258723
934260498 934281689
934283944 934287187
934294656 934294767
934298264 934298822
934300608 934300657
934302193 934303728
934306176 934306392
934307328 934307529
934308260 934308744
934309504 934316413
934318848 934322142
934324480 934329485
934335327 934366444
934367833 934371157
934376110 934377878
934384128 934384161
934385024 934387050
934389917 934389918
934390045 934394211
934395136 934395147
934395904 934397014
934397696 934398715
934399263 934401630
934403218 934415681
934419362 934427328
934431730 934432398
934434470 934438364
934439452 934444595
934459510 934463240
934485010 934486846
934487980 934497070
934498048 934504457
934516181 934521545
934524311 934542783
934586382 934586384
934586648 934594599
934599043 934603805
934604276 934617699
934620706 934629551
934664399 934666931
934667533 934684584
934684962 934698179
934700029 934705662
934708092 934713749
934715360 934715526
934716304 934716460
934768230 934772839
934773714 934786589
934792720 934797237
934801640 934802178
934802816 934803642
934805890 934806643
934867679 934886380
934890600 934890628
934937296 934940933
934941291 934942288
934943188 934972081
934973577 934974572
935000382 935004803
935005241 935014935
935019018 935029040
935030571 935030605
935030703 935033728
935033856 935036034
935038551 935039193
935040246 935040775
935045212 935047174
935051247 935051651
935061285 935062694
935072410 935075473
935076666 935078919
935080295 935081338
935083903 935083904
935084600 935089551
935091440 935096238
935096697 935098329
935100580 935112755
935115310 935123876
935127552 935129033
935130544 935133581
935136614 935136784
935137582 935140938
935142087 935145727
935147187 935147680
935659145 935659146
935659159 935659161
935659237 935659238
935659260 935659262
935659271 935659273
937984783 938005331
938007994 938008408
938010696 938017060
938024071 938041553
938041967 938042682
938045754 938085232
938087854 938100963
938101407 938146414
938147072 938170623
938171214 938176435
938177323 938181937
938185984 938190605
938195026 938196242
938197492 938203227
938210816 938224798
938232856 938233412
938249171 938259663
938261888 938262073
938262653 938263877
938316290 938317006
938370827 938371151
938371840 938373010
938410245 938415815
938418944 938427261
938429737 938431735
938434151 938436323
938571873 938608896
938612368 938617596
938619008 938623015
938625561 938628409
938628464 938630960
938632563 938649060
938650374 938663210
938663936 938677082
938678708 938690213
938695677 938703011
938703872 938708343
938709376 938713652
938715392 938716758
938717440 938718354
938725924 938727840
938729216 938733747
938736000 938737728
938740043 938741082
938745630 938748092
938750884 938758912
938759810 938766649
938767269 938767845
938768772 938776765
938778469 938782582
938783299 938785570
938786280 938790191
938791144 938792052
938794494 938798157
938799488 938802448
938803220 938804184
938804736 938805231
938805773 938806360
938808019 938809254
938818640 938818682
938819391 938828915
938833284 938835663
938836119 938866911
938902321 938903234
938906213 938918251
938918284 938918305
938918334 938918339
938918359 938918454
938918503 938918817
938925027 938950076
938951820 938954396
938958244 938965304
938966108 938969359
938970496 938975617
938976512 938978753
938979376 938982635
938983296 938985906
939020344 939027135
939039358 939042860
939043695 939044253
939045949 939046937
939046965 939047885
939049022 939050559
939053312 939056743
939058684 939059000
939059485 939059685
939060992 939062788
939063808 939064063
939065703 939066351
939068074 939068300
939069312 939069623
939070592 939070636
939070677 939070741
939070872 939070931
939071045 939071137
939086987 939087776
939105164 939108883
939110656 939111136
939113248 939113696
939114873 939115984
939119758 939120228
939121920 939122443
939126661 939127147
939131266 939131504
939134443 939134472
939137840 939138119
939143177 939143676
939227008 939227168
939228508 939229679
939250473 939253238
939254313 939254551
939255586 939259998
939267968 939268838
939271812 939273395
939274119 939275024
939278080 939279725
939280640 939281098
939281664 939283336
939284480 939285058
939285167 939285185
939285888 939286990
939287808 939288362
939289216 939293585
939294336 939294784
939295773 939297451
939298176 939298583
939300224 939301990
939302585 939302630
939303469 939305662
939306302 939307663
939308288 939311513
939315467 939318511
939322717 939324209
939326658 939331417
939332340 939332350
939333451 939334059
939334936 939335478
939337215 939338950
939340731 939341030
939342848 939344379
939345920 939347817
939351379 939351458
939352148 939352220
939352895 939353639
939355136 939357303
939363456 939365221
939366309 939369576
939370624 939374793
939375461 939376204
939377928 939378605
939382528 939383863
939385088 939386778
939387392 939388306
939389724 939390498
939394816 939395603
939396457 939399886
939403330 939405250
939407693 939408057
939408896 939409150
939410862 939411104
939412677 939412784
939416630 939417221
939418467 939418513
939423084 939424640
939426816 939427213
939571196 939572547
939573598 939575542
939576870 939577118
939578357 939579858
939713952 939714019
939800448 939800999
939804032 939804395
939805440 939805529
939806867 939807527
939809516 939810035
939812946 939813030
939816256 939816964
939820632 939821960
939825021 939825103
939828614 939829316
939830389 939832044
939833625 939834636
939837107 939837163
939873916 939874340
939908171 939909614
939910907 939911896
939912866 939913514
939914366 939915695
939916457 939917293
939934456 939937785
939938688 939947479
939948160 939949415
939950208 939971751
939971833 939972249
939972864 939988195
939989504 939990213
939991000 939997401
939998409 940004915
940005850 940010765
940036377 940078215
940097744 940099121
940100878 940120877
940123776 940144434
940145579 940154230
940154819 940156051
940156541 940156544
940156672 940158106
940158607 940158843
940159616 940159936
940161200 940161291
940162560 940163093
940163840 940164908
940165799 940166219
940166854 940166920
940167808 940168100
940172815 940173195
940173909 940174091
940175483 940175939
940178217 940178536
940182272 940183218
940188056 940188179
940191645 940191952
940195712 940196071
940199296 940199398
940200192 940200839
940201857 940202090
940203392 940204108
940206668 940206996
940207029 940207322
940211968 940212226
940213504 940214190
940216082 940216591
940219392 940219771
940220928 940221721
940222730 940222772
940232098 940232920
940235955 940236519
940238652 940239766
940241448 940242096
940244480 940244747
940245760 940246304
940249781 940250028
940252300 940252865
940267846 940268089
940398438 940398440
940398741 940398743
940398817 940398821
940403794 940403796
940405248 940405810
940409390 940409969
940411105 940411372
940412601 940413216
940413952 940415587
940416181 940417394
940418400 940420774
940422066 940422744
940461718 940499660
940501494 940504030
940505216 940508516
940509185 940509614
940511488 940515951
940516880 940517310
940518301 940519271
940520013 940528724
940530522 940534276
940534912 940561771
940562560 940566749
940568169 940571730
940572921 940576164
940578961 940587777
940594508 940596124
940601216 940602277
940604002 940604932
940606455 940606782
940609859 940610892
940612042 940612741
940613383 940613463
941062095 941062151
941081250 941081447
941082827 941084309
941085019 941085825
941086531 941086984
941093789 941094000
941095201 941096658
941097472 941097532
941098054 941098497
941099998 941100452
941101710 941102294
941103561 941104094
941106222 941106266
941107712 941108507
941113351 941113543
941120478 941120555
941124787 941124826
941124840 941126110
941126823 941127049
941128029 941128095
941129007 941130563
941131989 941133063
941137010 941137652
941140897 941142132
941143081 941143476
941146721 941147546
941151583 941154682
941158945 941159262
941168464 941168704
941170944 941171619
941174905 941175524
941176219 941176825
941177984 941178611
941181440 941182088
941184795 941184853
941186048 941186630
941190420 941191170
941194368 941195675
941208903 941209077
941228771 941228841
941229824 941229915
941230720 941230995
941234953 941235280
941236492 941237433
941238272 941238274
941238414 941239393
941240832 941242176
941243776 941246949
941248640 941251801
941253120 941253805
941256366 941256934
941274408 941274692
941275431 941275585
941287780 941287885
941289570 941289649
941308346 941309088
941314060 941317570
941318102 941349401
941353503 941364898
941366672 941372374
941377942 941378479
941379861 941382443
941417728 941420979
941423744 941426758
941427456 941428982
941437278 941439297
941442835 941442994
941444913 941448220
941449164 941450471
941451264 941452071
941502583 941503563
941505280 941507768
941510144 941511818
941513359 941515193
941522819 941523831
941526530 941529184
941531294 941533569
941534986 941535336
941536962 941537252
941541120 941541624
941674771 941675846
941679323 941679544
941680425 941681010
941683086 941683192
941683968 941684172
941685248 941685896
941686912 941687032
941692252 941693999
941698176 941700130
941701120 941702186
941703296 941703314
941703879 941704122
941707520 941708839
941710445 941710690
941711360 941712366
941713141 941713608
941714568 941715744
941719515 941719766
941731379 941731508
941774138 941774304
942190754 942192282
942192306 942192637
942194549 942195461
942196096 942196375
942196992 942197431
942197484 942197501
942197553 942197577
942197709 942198358
942199168 942199182
942199670 942201611
942201642 942201959
942202937 942206243
942207360 942210767
942212096 942213210
942215552 942218219
942219904 942230910
942234768 942238189
942254447 942254825
942255770 942255829
942258827 942259462
942263013 942263478
942263594 942263596
942268509 942268958
942269651 942270067
942271009 942272554
942273824 942275726
942278292 942281382
942282370 942283821
942284539 942287363
942289391 942291597
942293203 942296286
942297595 942297734
942298558 942309579
942310248 942327268
942330132 942330243
942331426 942332336
942333393 942336065
942337152 942341136
942341649 942341945
942343088 942343118
942346580 942353180
942356963 942363766
942364472 942377559
942378531 942383540
942384768 942409147
942410068 942411200
942414536 942415270
942419816 942420603
942422650 942422846
942423762 942423830
942425621 942431643
942437933 942438745
942444154 942444197
942445973 942447126
942447199 942447243
942455411 942455482
942458537 942458683
942460222 942460783
942462549 942463410
942464764 942464802
942466797 942466814
942486912 942487036
942488404 942488998
942489979 942490293
942491869 942492712
942494670 942494779
942496412 942496572
942502250 942502587
942527843 942527969
942529382 942529742
942535361 942537200
942538961 942540154
942541382 942542732
942542754 942545346
942547543 942550338
942552515 942554033
942555416 942555912
942556800 942557628
942559183 942560491
942561315 942562615
942563328 942563438
942564201 942564990
942567491 942569982
942573086 942573457
942576128 942576874
942578894 942579952
942583022 942583102
942585112 942585825
942624200 942627199
942628023 942629551
942630540 942631571
942632382 942639866
942641228 942645294
942646400 942647550
942648704 942651141
942653952 942657424
942658944 942660268
942661474 942661503
942661561 942661773
942661813 942661844
942662087 942662149
942662421 942664308
942664591 942665791
942666880 942667339
942668928 942669280
942721520 942721607
942723456 942725293
942726791 942728732
942729856 942730805
942731600 942732249
942733184 942733607
942734336 942734724
942735360 942735511
942736128 942736699
942737722 942737888
942738560 942738925
942739584 942739906
942740608 942741175
942741813 942742342
942743040 942743408
942744064 942744446
942745216 942745609
942746283 942746301
942746388 942746396
942746550 942746572
942747264 942747887
942748704 942749021
942751260 942751520
942754560 942754617
942797396 942799211
942799727 942799819
942800430 942807924
942809022 942814552
942815616 942818032
942818956 942820440
942821376 942823933
942824960 942826259
942826880 942827496
942828672 942828795
942830976 942831814
942832642 942832651
942832690 942832695
942834560 942834644
942836352 942836640
942838912 942839234
942840704 942840746
942842192 942842455
942958957 942959243
942963398 942964067
942968992 942969323
942971712 942976761
942977515 942979784
942980524 942981105
942982081 942988189
942989510 942991874
942995412 942995632
942995679 942997577
942999006 943009333
943011698 943018531
943019680 943020917
943021686 943023082
943024256 943030273
943031751 943034439
943036027 943037598
943039567 943041390
943042187 943042652
943044909 943044920
943045632 943045976
943046658 943050374
943051093 943098265
943099882 943102336
943123781 943125134
943127308 943127372
943129927 943130516
943130535 943130639
943131264 943132393
943133141 943133454
943134307 943136595
943295547 943295737
943306649 943307991
943310686 943311011
943315560 943315927
943316739 943318235
943318643 943318695
943320355 943326887
943327849 943330499
943331328 943334639
943335296 943337046
943338752 943345526
943348894 943348981
943348998 943352711
943354624 943356280
943357696 943361590
943378688 943379100
943380689 943380876
943387904 943388871
943395328 943403099
943404928 943410038
943410688 943413486
943414272 943424579
943427119 943441455
943442304 943446796
943466491 943469096
943473699 943499898
943502768 943509587
943510144 943512425
943512970 943514911
943515624 943519329
943520181 943522077
943524739 943527175
943529600 943530758
943532211 943532814
943581969 943586774
943588248 943593343
943595302 943598736
943599779 943601845
943603124 943604007
943606272 943606505
943607558 943608326
943610698 943618600
943620992 943622282
943623168 943623659
943627684 943627708
943972852 943973554
943977033 943978353
943979795 943981660
943982744 943983741
943985003 943985468
943988807 943989898
943994908 943995832
944073142 944075444
944076800 944077046
944078186 944078333
944085058 944086094
944088000 944088525
944088935 944089419
944091477 944092210
944094080 944094256
944096495 944096860
944101122 944101842
944105262 944105281
944105309 944105312
944105347 944105352
944105935 944106813
944110749 944111033
944112256 944117022
944117794 944118676
944120261 944120327
944121865 944121990
944123322 944124362
944125459 944126805
944128132 944128702
944129792 944130315
944130352 944130556
944131840 944132232
944134179 944136714
944139520 944140346
944141056 944141930
944144677 944146394
944149279 944149708
944151430 944156069
944158285 944168029
944169218 944174083
944176512 944177597
944178491 944178945
944180043 944181606
944186658 944187732
944190327 944190838
944191754 944194035
944194981 944195060
944196096 944196205
944197199 944197779
944198792 944199627
944200359 944202582
944206059 944207144
944210389 944212096
944212224 944213713
944215060 944215761
944217539 944219913
944226944 944227006
944228574 944229079
944230921 944233754
944235889 944236834
944238336 944238356
944239330 944240098
944241522 944241542
944242307 944243841
944245435 944245754
944247994 944248649
944249734 944250039
944250769 944252236
944253002 944253948
944255332 944257587
944259022 944261182
944262033 944269148
944270131 944271447
944273024 944273384
944274181 944275877
944276607 944277708
944279005 944280843
944284943 944287377
944288647 944290040
944293669 944293788
944294833 944295054
944297324 944298486
944299287 944299647
944301184 944301474
944311383 944311741
944312854 944313258
944610994 944611936
944617042 944617243
944618890 944621100
944622021 944622304
944623469 944623676
944626566 944629981
944631813 944633027
944634318 944635291
944642492 944644309
944645059 944646693
944648210 944648724
944649666 944651026
944651904 944652943
944654288 944654397
944655365 944656752
944662571 944663636
944666033 944666763
944667392 944669041
944670044 944670120
944671082 944671376
944672920 944673091
944675984 944676099
944676949 944677451
944678399 944678773
944679562 944679846
944680562 944681790
944686721 944689586
944692169 944693203
944694144 944694972
944695936 944699753
944702721 944706044
944707556 944712562
944724754 944727116
944727966 944746755
944747291 944747889
944759427 944764753
944765433 944767817
944769024 944771903
944773504 944775833
944776576 944819566
944821248 944824390
944825369 944829687
944831408 944832306
944833024 944836895
944837579 944842370
944853852 944868447
944876173 944899264
944944798 944950552
944951948 944952209
944952233 944953382
944953457 944954326
944957822 944960931
944963360 944963658
944966528 944967979
944968704 944968748
944968803 944969067
944969120 944973810
944975498 945002262
945004079 945009099
945012932 945017420
945019082 945023674
945026177 945039199
945039315 945056490
945057101 945084142
945085696 945087745
945088951 945099808
945100837 945112075
945113441 945115835
945116616 945117561
945120402 945124318
945125264 945127365
945131483 945131599
945134298 945135359
945149425 945151130
945152751 945152804
945154476 945155199
945158205 945158745
945213655 945214051
945216090 945217760
945218644 945253356
945254731 945264762
945273923 945303862
945311234 945345967
945347355 945357237
945357846 945377305
945378688 945414425
945414644 945430579
945432502 945435511
945436800 945484994
945485014 945491063
945492608 945522602
945523840 945530899
945540640 945542921
945543000 945545491
945547661 945588135
945588864 945607375
945610105 945616757
945617548 945626414
945635863 945636736
945636864 945642154
945643809 945652484
945653760 945673433
945676396 945681162
945829191 945830753
945833072 945852425
945854238 945870281
945872875 945878011
945879828 945881860
945883012 945920486
945922751 945936910
945937575 945950686
945951667 945977310
945980215 945986645
945986746 945996487
945996669 946038853
946040669 946109583
946110348 946112015
946112039 946117805
946118545 946128450
946134047 946143072
946146317 946173863
946175375 946179498
946180908 946200219
946201458 946202467
946204624 946207970
946208896 946209319
946211432 946212810
946259014 946260885
946263331 946263363
946264448 946265757
946271834 946271896
946273024 946274147
946276992 946279844
946283683 946284057
946286720 946287480
946299491 946299786
946305606 946305716
946314624 946314719
946335952 946336033
946341273 946352545
946353152 946369402
946369436 946369855
946372246 946374217
946378754 946387000
946390809 946408211
946411807 946412971
946413068 946472627
946474591 946550970
946552157 946557935
946558901 946589433
946591872 946592230
946612480 946629609
946630245 946643263
946647752 946684606
946688148 946690186
946692716 946701731
946701799 946704165
946715946 946716528
946717520 946730099
946754304 946754396
946754469 946759112
946761660 946778006
946778035 946800015
946801343 946803615
946804943 946813943
946816928 946819399
946820361 946825386
946830704 946835757
946838660 946839764
946841389 946850109
946852224 946858489
946859264 946863855
946863883 946870273
946871424 946871931
946872031 946872536
946872639 946903116
946905260 946924407
946974799 946975480
946976896 946984583
946986454 946986758
946987715 946995423
947001224 947001727
947025693 947054703
947062649 947067565
947070080 947084003
947089382 947095572
947097823 947102559
947103488 947118723
947135192 947172371
947174196 947176329
947178089 947220802
947222676 947222749
947224413 947241644
947243591 947248355
947249355 947250449
947253372 947254541
949475716 949480234
949483872 949488015
949488995 949493028
949493888 949495976
949497344 949509978
949512448 949512749
949514288 949532011
949535744 949552607
949554185 949561889
949566347 949596197
949598464 949604647
949607227 949612121
949613851 949655382
949655694 949661921
949664060 949664072
949665676 949669429
949670228 949670330
949672240 949675879
949676282 949696087
949696387 949707090
949707831 949711787
949718044 949721585
949721611 949721625
949721648 949728040
949729630 949733990
949739927 949741290
949799602 949819728
949821372 949831498
949834382 949844884
949847211 949855797
949861018 949881631
949881695 949881821
949882299 949884401
949885809 949887716
949890915 949891234
949891477 949893416
949894663 949897126
949901751 949902070
949902351 949902352
949902812 949902813
949902818 949903170
949903300 949911561
949912759 949919116
949920128 949923344
949924554 949925932
949927492 949930904
949932975 949933608
949941394 949952335
949953280 949959984
949961614 949973927
949975429 949985592
949986206 949989092
949989964 949993752
949994632 949998550
950000085 950004919
950005951 950010298
950014930 950018079
950021311 950025968
950026225 950030158
950030401 950033175
950036278 950042477
950043520 950048126
950051512 950056871
950058163 950061791
950062976 950066680
950071990 950078724
950078799 950084258
950085634 950091752
950092492 950097153
950097807 950101748
950103862 950105610
950108889 950151706
950151803 950164953
950174464 950184763
950187776 950197270
950197429 950204887
950207584 950216863
950222039 950239611
950242517 950247826
950250293 950269618
950271084 950272390
950273927 950274245
950276769 950281373
950283656 950283783
950284181 950284980
950286464 950292959
950295017 950300219
950301903 950314308
950314465 950342453
950344031 950355405
950356987 950360238
950361612 950363071
950364391 950364845
950365787 950366311
950370968 950390550
950396814 950445228
950446868 950448750
950450729 950453028
950459552 950459964
950468702 950470234
950478876 950478891
950479744 950481840
950489993 950492045
950509392 950509988
950514819 950537234
950538337 950538997
950548578 950558957
950577301 950581920
950598090 950598222
950598368 950601484
950603312 950611886
950612755 950614779
950617517 950618397
950618561 950620015
950621056 950632678
950642424 950656833
950669841 950676803
950679824 950680417
950681387 950691934
950693085 950705560
950706631 950706721
950706800 950706989
950712752 950714080
950714637 950716505
950717876 950719879
950722069 950723304
950775302 950793577
950798312 950799841
950800736 950802273
950808224 950812818
950816358 950819565
950820622 950826867
950904728 950909092
950928501 950957647
950962100 950963726
950965565 950967763
950968761 950969076
951023846 951055496
951064054 951072355
951072744 951075146
951076594 951076762
951082318 951090110
951112065 951116997
951118238 951123280
951125768 951136299
951141220 951142428
951144744 951151643
951151925 951166454
951169053 951170041
951171214 951179676
951180423 951192089
951192432 951222317
951229635 951230115
951233490 951238474
951238704 951253036
951269918 951278179
951278403 951279547
951280074 951288223
951320764 951321929
951325362 951327841
951328517 951330783
951331837 951332443
951338207 951343097
951343788 951343824
951347776 951367337
951368085 951371217
951372108 951392651
951400086 951408657
951409995 951412438
951417656 951420010
951420416 951422103
951423167 951442744
951442928 951481118
951487222 951487960
951491361 951505743
951507860 951519932
951614421 951621639
951623129 951625555
951628515 951635904
951637114 951656364
951659935 951661323
951666354 951670195
951670708 951674591
951683725 951686773
951688819 951689796
951691203 951691936
951692756 951696361
951696712 951700943
951710127 951711250
951713631 951740584
951744254 951753399
951760835 951766006
951781052 951784667
951784957 951787748
951788071 951790456
951791764 951791942
951794784 951800409
951800590 951817101
951824431 951825717
951850348 951855503
951857175 951860809
951861084 951874285
951874429 951874469
951874634 951877602
951877931 951887398
951890691 951920753
951926885 951931234
951953062 951954524
951955722 951957257
951959638 951963126
951963321 951971832
951972148 951978857
951985150 951989011
951989257 952006899
952011666 952015828
952016838 952021262
952028621 952033282
952034200 952034261
952038134 952045071
952045276 952054007
952058823 952060714
952065845 952089343
952122139 952127085
952131639 952136806
952136932 952144363
952144815 952173566
952236021 952239426
952240139 952250860
952251703 952261836
952267420 952269288
952273431 952281859
952284000 952291311
952294314 952294583
952294843 952306292
952310295 952322034
952325133 952327965
952328587 952329308
952330129 952336844
952338326 952342869
952344416 952346749
952348510 952353543
952371946 952375187
952376573 952380246
952380271 952380276
952380301 952380533
952383872 952383898
952384056 952385135
952385650 952386001
952388489 952394128
952394363 952394677
952396065 952396727
952399883 952404855
952407809 952412409
952414018 952417418
952418417 952418968
952419305 952419868
952420069 952422250
952423156 952428878
952429691 952429768
952431214 952431848
952433421 952438356
952439810 952449348
952449833 952455046
952460061 952474757
952480932 952484636
952484945 952526069
952545961 952553694
952554211 952591971
952599863 952607206
952609656 952628805
952639982 952641893
952642235 952663505
952665911 952673377
952674116 952682114
952686265 952687616
952693082 952709330
952710172 952712741
952714302 952729507
952730192 952742422
952759251 952767736
952767887 952767906
952774375 952775780
952777033 952779215
952780348 952780354
952781364 952783338
952802864 952805080
952805760 952816693
952817422 952827245
952829782 952865393
952868525 952881306
952889271 952890820
952890867 952947105
952951501 952955271
952956847 952957067
952957116 952974234
952986785 953032473
953036319 953041898
953043113 953043141
953044165 953044623
953050956 953053404
953072633 953087975
953088397 953102649
953104822 953123322
953126700 953136274
953139064 953141902
953147533 953157461
953161282 953184192
953189566 953193364
953236734 953239425
953240934 953248763
953249012 953290191
953296469 953314375
953316729 953323259
953324687 953381760
953412555 953420340
953421271 953443421
953444712 953469374
953474020 953478783
953480693 953484984
953487077 953491421
953492491 953493135
953496587 953550237
953557887 953561402
953565028 953575247
953576886 953581754
953582143 953596355
953609403 953615888
953616541 953616785
953616925 953616926
953616941 953630032
953632591 953633715
953635528 953641461
953647123 953653796
953657763 953662817
953663486 953736180
953737649 953743987
953744322 953754873
953757065 953770088
953774816 953821395
953826913 953833712
953834654 953841602
953846131 953852671
953853349 953899701
953908661 953914339
953916850 953919129
953930204 953935829
953940692 953980321
953981321 953985534
954024605 954025623
954028200 954072840
954076970 954079300
954082560 954083527
954084308 954085156
954085760 954087321
954088064 954090431
954096026 954096223
954096257 954096480
954097536 954097701
954102205 954102238
954102317 954151105
954152113 954161411
954177391 954191253
954191619 954193856
954194649 954241853
954245154 954261167
954264341 954272770
954281985 954292247
954293395 954329320
954331461 954337780
954337971 954347082
954350317 954370593
954374513 954415170
954419156 954424711
954425086 954432867
954434094 954444134
954444397 954448345
954449482 954456236
954481337 954484252
954485483 954493813
954495264 954496688
954497576 954498076
954498809 954499320
954501675 954505733
954507729 954520747
954521423 954522154
954527194 954533894
954534801 954571163
954571989 954577501
954580558 954590429
954608214 954609217
954616324 954617189
954620718 954628381
954652931 954662805
954663229 954680841
954686609 954694801
954695779 954715782
954720345 954725353
954735710 954749542
954753015 954759660
954763427 954774229
954774673 954775842
954779740 954780889
954793868 954809524
954824645 954847789
954852243 954853790
954855237 954855304
954856530 954857637
954858625 954863207
954864740 954868614
954869119 954872163
954873157 954884401
954914596 954936275
954939723 954949919
954950279 954957028
954964271 954978699
955013425 955015685
955032833 955035406
955045346 955048649
955053502 955054089
955067157 955069638
955077982 955087734
955088665 955107456
955111070 955116919
955118959 955124917
955127084 955132205
955133413 955143702
955183602 955187689
955187824 955191744
955193219 955199178
955332352 955334056
955335103 955350330
955351166 955352230
955353564 955356602
955358185 955359453
955360267 955366584
955367234 955368905
955374816 955375283
955375907 955376107
955382124 955383337
955384064 955386402
955389056 955389841
955391801 955392281
955392852 955393558
955394304 955398439
955422723 955439739
955441603 955447264
955448587 955454560
955457071 955470085
955470881 955486950
955488218 955491383
955497716 955507537
955508444 955520675
955645551 955647129
955647999 955695522
955695898 955699923
955700118 955700584
955701198 955705058
955705885 955706288
955706709 955711443
955716397 955730131
955732817 955740055
955742330 955752523
955753817 955765746
955775515 955798873
955800539 955801540
955823113 955827017
955828214 955833343
955833661 955833993
955834632 955838448
955840718 955883033
955886574 955888188
955889081 955909466
955909865 955918972
955919284 955934442
955934640 955966503
955966804 955971604
955974534 955980875
955984904 955987488
955988698 956000055
956001729 956006072
956006612 956057370
956060793 956063725
956065660 956068754
956070077 956084030
956088341 956093947
956095157 956096443
956099298 956106890
956109662 956113576
956114049 956119514
956121589 956133059
956135981 956143493
956145411 956150025
956192053 956195804
956196030 956221959
956223249 956229176
956230528 956240394
956240816 956261925
956262923 956270226
956270474 956289153
956295864 956299128
956301692 956312166
956312683 956314318
956316992 956318593
956318774 956332992
956341420 956348396
956368202 956382862
956383314 956394446
956396099 956401079
956403545 956406437
956407880 956409327
956430102 956437876
956437998 956440205
956462016 956465510
956465622 956473748
956491465 956491556
956491906 956497466
956498651 956504316
956504902 956511875
956514756 956524978
956530930 956542314
956555168 956576153
956576829 956576913
956580207 956591218
956591878 956594636
956595485 956597823
956598572 956610849
956613291 956623082
956642662 956666587
956669733 956681199
956682539 956690852
956691712 956691920
956692767 956693584
956694552 956694717
956695034 956705190
956715746 956751190
956754457 956831493
956832273 956838681
956840347 956859058
956860082 956860393
956861343 956867955
956870342 956876291
956878739 956884125
956889608 956905194
956906071 956911084
956912954 956920974
956984558 956997274
956997765 956999099
957003737 957013422
957045170 957073332
957074038 957100944
957105741 957108134
957110208 957111280
957116417 957116710
957124728 957129710
957130065 957135970
957160767 957176306
957179022 957179194
957180658 957181090
957182977 957184629
957186082 957190821
957191102 957195351
957196610 957204846
957207302 957209971
957211033 957216329
957229340 957229926
957247016 957249377
957250491 957269712
957272389 957279768
957281258 957288411
957292931 957302618
957333559 957334670
957335143 957342396
957343684 957344415
957344468 957344963
957345060 957352049
957354972 957356842
957357380 957358262
957361500 957380437
957384509 957386705
957414702 957421054
957435574 957441144
957445564 957454879
957455243 957457766
957461163 957467309
957467728 957471022
957472306 957519866
957520152 957520668
957521296 957521531
957522548 957522551
957522584 957522865
957524970 957525284
957530142 957538495
957538727 957558620
957567771 957569374
957569460 957571580
957571601 957575041
957575177 957578623
957582609 957592642
957593071 957594809
957598100 957610897
957614214 957617276
957664437 957666454
957668969 957671189
957672063 957697984
957699515 957700219
957707675 957714550
957718342 957727837
957728976 957734163
957763816 957774548
957778181 957781373
957785098 957787840
957793899 957800077
957801148 957811094
957812051 957812585
957813550 957815334
957816285 957817922
957818837 957819130
957823168 957827254
957828503 957829372
957830493 957830542
957833074 957834274
957838624 957839511
957840622 957840747
957841669 957846412
957856582 957861870
957863139 957865510
957866568 957866901
957869508 957869558
957870674 957877652
957878836 957881922
957882826 957910495
957911221 957911398
957917258 957917436
957919514 957921315
957924635 957926968
957944355 957958324
957962069 957964538
957966332 957969220
957970025 957990095
957991121 957995565
958010627 958022690
958026278 958045100
958048536 958048579
958048750 958062121
958062819 958065785
958067879 958077526
958078592 958079253
958079824 958121647
958122480 958123000
958123148 958123149
958123590 958129556
958132738 958141640
958142364 958146167
958147221 958149449
958151485 958166852
958170732 958171965
958171982 958182890
958183773 958206644
958208118 958213282
958214412 958214454
958214561 958215680
958218510 958221234
958284208 958288516
958288981 958306885
958312231 958323441
958332302 958335194
958336932 958339573
958378121 958384980
958386951 958387175
958388922 958391539
958397867 958406666
958412471 958415336
958420345 958424054
958444804 958447101
958454001 958457937
958458699 958478606
958485028 958486718
958487959 958491204
958492564 958496179
958499875 958504077
958505049 958505646
958506863 958518831
958542058 958546971
958547490 958550858
958554288 958562066
958576378 958580908
958582952 958586976
958588943 958594544
958596633 958604356
958606544 958609964
958613355 958626763
958634465 958645796
958658468 958665326
958668831 958669720
958675528 958683581
958683965 958684358
958704575 958716435
958717344 958732564
958733079 958736783
958740971 958748401
958757539 958765695
958814353 958819940
958930330 958940726
958969536 958971186
958973256 958976639
958979120 958981664
958984466 958984626
958985404 959009334
959013469 959017292
959028164 959031623
959034278 959038277
959038559 959050231
959052149 959059879
959060767 959060875
959061708 959061721
959074765 959082764
959084674 959085633
959085887 959087378
959088840 959098120
959099529 959119104
959131619 959137137
959137487 959169753
959173883 959174540
959177057 959179539
959179645 959183455
959184120 959184847
959185709 959197024
959197040 959197042
959197049 959206797
959207820 959210051
959211864 959216195
959217703 959231934
959232300 959255614
959260701 959268615
959268638 959272625
959276614 959294043
959294718 959299435
959299768 959340266
959346295 959356461
959358306 959366292
959367040 959376096
959391010 959391420
959392729 959393263
959393458 959397155
959397341 959398172
959408894 959417011
959417912 959425930
959427838 959433868
959437677 959438837
959439667 959440002
959448601 959463935
959483736 959484373
959487824 959488619
959491227 959492012
959501967 959506673
959507703 959513657
959515989 959518649
959519605 959533258
959534049 959536866
959538731 959548123
959581498 959583056
959583829 959593332
959595765 959599274
959601835 959605837
959606693 959608330
959611281 959611885
959612795 959618790
959626442 959630439
959631428 959635981
959659147 959661125
959661360 959679222
959679958 959687341
959691401 959691980
959693870 959694638
959696059 959703498
959730710 959738891
959739924 959744933
959749849 959759655
959760747 959761798
959769286 959770624
959774954 959775633
959778240 959778607
959780751 959781109
959803858 959804434
959845092 959846312
959855731 959857465
959898246 959934917
959937543 959939590
959940334 959944539
959952415 959952584
959954263 959954835
959959833 959959882
959962800 959966436
959969809 959973357
959977258 959980691
959982079 959984750
959989659 959992887
960003979 960030649
960072143 960078613
960100429 960104481
960105426 960116690
960125236 960125881
960183985 960188711
960192386 960197774
960198772 960203087
960207975 960208571
960209484 960221047
960224527 960245141
960251946 960253758
960254205 960276192
960277270 960278346
960278512 960290045
960298815 960310399
960330275 960332449
960332672 960335306
960338745 960348267
960349683 960352484
960421280 960421286
960421495 960424783
960424802 960433210
960520245 960531478
960533781 960550971
960556429 960556626
960556660 960557086
960627018 960627666
960628447 960629069
960630408 960631867
960632797 960633298
960634651 960635967
960638530 960638860
960707944 960710254
960711269 960728613
960730983 960735456
960753206 960760300
960792766 960801174
960806689 960806874
960812830 960828745
960830956 960850026
960850205 960855138
960879055 960881927
960883220 960887309
960887775 960894248
960942209 960946255
960946742 960950414
960952917 960986553
960993855 960995413
960997636 961002658
961006153 961011000
961012627 961028887
961046215 961052428
961058241 961070092
961073221 961086132
961089258 961090677
961227571 961228065
961229118 961238491
961312386 961314783
961315746 961316943
961317785 961319171
961321552 961321571
961322335 961330264
961331360 961332483
961333248 961334572
961338021 961338027
961341528 961342118
961344229 961344728
961353767 961356457
961405294 961414639
961416016 961416228
961417447 961423047
961425311 961427088
961429132 961432434
961440442 961443697
961480002 961494683
961496408 961499434
961501738 961501975
961502040 961502683
961502865 961507316
961509820 961529714
961530776 961530850
961534027 961538703
961539617 961556599
961556668 961567107
961576273 961582147
961584505 961592892
961593105 961593947
961597857 961610778
961614042 961635194
961657568 961676054
961681424 961692637
961694870 961697897
961701428 961705047
961739652 961757550
961758839 961759287
961760097 961762348
961765420 961766179
961767799 961767917
961768876 961769049
961770098 961770389
961770415 961770906
961808053 961811390
961813727 961815690
961816081 961822482
961823375 961823463
961823688 961826248
961827264 961838705
961839458 961842226
961843639 961846948
961847816 961849414
961850166 961850277
961887913 961894713
961894847 961899583
961904103 961908655
961910673 961917878
961929810 961935718
961936789 961937008
961937061 961937440
961937504 961938656
961947076 961947369
961948725 961949556
961954162 961956656
961958086 962075453
962075595 962076401
962079033 962079197
962080540 962089167
962093623 962116258
962118349 962118350
962120448 962122616
962123276 962135157
962137431 962146322
962146562 962150482
962150636 962154377
962154840 962158249
962160378 962162937
962163005 962163931
962166876 962177680
962187303 962191112
962192004 962192217
962193649 962195865
962198614 962199630
962201087 962201906
962203073 962203518
962205338 962211214
962211909 962215004
962217533 962223417
962231588 962235171
962251224 962254439
962254788 962255561
962256811 962264100
962266918 962280281
962281237 962282672
962283347 962284146
962291609 962299161
962304184 962307132
962308779 962315223
962329153 962333150
962334304 962334986
962336243 962363252
962366582 962381133
962381822 962381946
962383163 962394362
962394402 962394409
962394516 962405586
962412928 962417871
962420172 962421605
962421720 962422544
962426029 962431669
962457950 962459526
962484633 962485383
962509470 962509885
962515135 962535766
962537826 962540149
962546096 962546549
962548696 962548784
962554098 962555239
962558740 962563280
962564003 962564791
962565464 962567112
962568759 962574299
962575431 962575713
962577677 962578759
962581013 962582228
962604338 962622723
962623626 962623927
962624809 962625788
962626757 962630392
962633084 962634957
962636174 962636243
962637824 962643443
962644992 962651807
962653899 962657163
962692790 962709374
962710538 962717251
962718383 962726437
962728666 962731114
962731781 962731784
962732928 962738348
962738663 962738949
962739101 962752905
962773417 962786862
962788610 962799686
962809067 962809446
962810326 962811978
962813606 962817980
962820152 962828030
962832236 962832238
962832261 962835260
962835422 962842570
962846871 962847084
962856735 962888904
962892690 962894472
962897630 962910230
962914183 962926576
962949992 962954766
962955934 962967120
962982135 962987556
962988902 962995125
962996673 962997237
963000518 963005720
963005946 963011389
963011470 963011819
963034418 963048888
963049561 963052094
963079957 963080017
963080075 963080600
963081800 963082226
963082260 963083213
963083940 963085167
963086293 963087815
963089371 963102676
963105246 963108370
963130693 963132672
963139291 963142716
963149283 963149828
963155202 963156518
963157613 963159374
963160390 963161133
963163842 963163870
963163898 963165020
963168984 963170263
963175213 963179508
963180628 963184769
963189245 963195653
963206222 963216323
963219293 963226257
963228893 963229555
963232467 963232526
963233965 963235385
963236714 963236884
963238420 963241259
963243980 963247582
963248482 963250313
963255634 963255828
963257487 963258441
963261349 963262230
963263014 963268624
963268674 963271539
963276272 963276540
963276579 963276583
963276599 963286380
963287191 963302161
963305861 963306131
963307497 963313023
963315148 963316038
963324299 963327056
963341015 963341392
963343238 963349073
963353604 963361764
963363463 963366144
963366187 963366189
963366395 963367645
963367825 963373709
963376790 963384653
963385329 963403952
963408931 963422505
963425450 963459612
963460263 963468320
963485876 963489421
963493355 963493813
963516338 963519676
963560668 963565026
963568030 963573111
963579544 963581376
963594663 963595594
963608140 963609403
963610516 963616522
963617625 963619344
963620656 963629371
963630008 963654408
963684258 963684668
963800396 963800600
963810232 963813666
963815362 963817161
963819355 963819547
963821055 963824255
963825058 963832750
963833494 963836905
963837936 963838649
963842775 963842879
963845852 963846288
963854105 963855071
963857564 963857782
963875157 963876554
963886834 963895070
963897506 963916751
963929062 963929535
963933675 963934166
963939072 963939161
963940366 963940587
963941310 963941993
963942662 963942730
963945075 963945318
963955096 963959240
963978154 964003059
964004864 964006001
964007301 964009237
964010954 964012931
964015112 964016617
964017351 964025864
964025964 964028801
964029988 964043703
964044693 964050221
964050742 964051926
964051964 964051966
964051982 964083074
964083968 964090398
964091107 964093109
964095645 964103481
964107073 964114293
964115840 964145094
964147407 964149437
964150417 964152515
964153943 964178541
964181379 964182296
964183609 964187419
964189252 964191529
964192888 964196848
964197037 964197309
964203653 964204153
964205805 964208599
964210060 964220898
964225684 964259358
964260354 964262551
964264348 964264752
964313128 964317896
964318957 964321436
964323231 964323869
964325017 964328995
964330525 964343056
964401260 964404313
964405223 964408090
964409043 964411051
964411953 964412491
964414166 964436980
964440480 964440605
964442950 964443038
964445470 964445995
964452644 964473780
964477933 964480208
964486806 964488866
964509216 964510295
964512146 964517155
964518411 964529964
964533955 964563695
964565656 964574413
964574965 964583390
964583415 964605293
964607360 964613321
964614103 964620175
964620669 964630026
964631348 964631496
964634528 964639164
964640820 964654966
964655197 964667486
964668417 964670958
964672000 964673539
964673555 964680686
964681456 964706505
964706997 964710172
964710968 964726537
964728589 964742062
964743463 964758774
964761131 964782214
964786145 964790006
964790835 964791534
964792305 964797199
964801347 964801455
964801552 964811045
964813152 964815455
964818291 964819469
964819549 964822207
964822247 964831988
964832034 964836134
964836622 964868219
964871808 964875273
964896252 964897128
964899836 964906639
964908255 964919851
964920020 964947681
964948894 964954979
964956660 964958928
964990745 964994946
965007836 965008908
965013385 965021472
965021892 965022178
965024050 965025068
965027350 965032335
965034686 965041951
965043089 965044834
965047486 965050034
965052384 965053390
965056583 965058283
965060254 965060785
965064004 965070706
965073213 965088393
965088761 965088845
965090380 965093345
965103724 965126287
965126883 965128933
965131010 965131415
965133977 965136268
965137207 965142146
965143104 965144701
965145790 965148200
965150788 965165927
965166311 965186788
965187406 965217404
965221008 965223503
965226491 965264203
965264583 965271994
965272370 965276227
965280213 965287591
965287920 965306187
965309226 965323296
965325262 965342096
965342483 965371451
965374122 965387233
965389532 965391932
965393078 965397236
965400579 965401316
965402358 965405048
965408657 965415585
965436172 965441427
965452204 965454070
965471115 965473186
965474825 965476481
965477258 965484380
965500613 965511195
965512682 965520281
965520733 965538922
965540543 965547885
965549247 965560943
965565590 965586821
965589275 965601431
965602329 965637469
965640858 965643194
965644440 965649544
965663327 965669792
965671981 965681285
965687514 965687602
965690523 965691416
965694220 965694718
965697493 965698508
965700254 965706291
965709508 965709689
965709856 965715411
965717145 965718284
965721980 965725083
965726127 965728735
965729773 965732092
965734251 965740639
965744856 965746562
965746646 965752828
965754531 965760946
965762101 965770786
965781808 965797453
965797682 965809907
965812412 965822863
965825769 965826921
965829391 965862778
965869674 965874666
965875757 965903762
965906153 965916514
965918489 965918606
965920980 965922599
965923553 965948699
965948850 965969743
965971942 965995521
965996688 965996858
965997554 965999133
966002255 966018079
966018839 966019030
966020821 966021652
966022486 966025275
966028351 966035546
966036660 966045654
966048896 966054789
966055214 966080898
966082451 966086070
966102268 966108300
966109797 966116014
966117249 966120961
966121282 966130195
966131106 966170078
966171589 966172427
966172880 966174761
966176642 966207130
966207784 966209227
966211285 966220703
966220908 966254893
966256640 966264437
966267270 966280634
966284394 966291197
966294915 966294916
966296017 966310221
966310933 966340448
966342853 966343254
966344913 966347932
966350853 966357396
966358532 966358572
966360378 966365665
966369561 966378680
966379646 966403443
966403812 966428149
966429807 966433609
966439211 966443608
966445581 966451534
966454978 966455224
966457135 966468071
966470006 966470650
966472392 966494105
966495241 966518048
966519980 966531687
966534923 966541641
966542909 966555358
966556040 966564098
966567028 966576308
966576435 966600343
966605136 966618008
966619319 966630112
966633730 966640364
966640420 966643456
966644057 966651301
966656500 966686435
966687808 966687849
966705395 966708067
966708242 966715735
966716570 966717723
966718610 966725430
966725716 966729917
966731275 966772194
966774212 966776127
966776175 966776591
966779323 966792629
966793488 966794087
966795392 966796556
966801250 966811885
966814085 966815698
966816179 966824245
966824657 966864172
966865933 966878986
966880254 966902505
966903128 966906589
966906781 966945960
966947549 966947943
966949344 966960963
966962013 966962024
966962063 966962066
966962093 966967557
966969606 966971350
966973218 966974454
966977392 966994024
966995186 967001514
967002238 967023168
967025906 967029211
967030518 967031950
967033145 967033791
967034912 967040417
967043001 967056554
967063849 967075790
967120817 967128719
967129630 967130673
967131969 967135517
967136702 967143205
967144341 967164305
967166369 967177540
967180901 967187719
967188531 967209259
967212738 967232230
967233946 967246170
967248009 967291508
967323675 967334427
967334634 967335223
967336413 967337567
967338621 967383179
967385935 967389444
967395841 967417004
967418918 967471478
967478463 967489580
967489965 967490398
967491264 967548816
967563170 967568482
967584793 967589273
967589523 967603989
967604075 967645633
967647323 967663594
967665633 967682457
967683474 967731307
967733653 967762089
967764815 967776124
967778385 967789881
967790621 967813205
967815623 967850981
967851867 967898195
967929119 967935609
967936524 967944704
967946309 967962066
967962577 967982174
967988776 967998465
967999123 968024633
968024819 968053602
968059588 968065573
968067164 968075337
968092571 968109193
968109220 968114596
968261889 968264704
968264896 968283181
968286263 968336300
968339382 968351271
968351974 968352648
968355500 968362443
968362870 968363810
968370887 968375775
968385178 968411247
968411871 968414529
968416615 968423547
968426364 968426372
968426453 968431377
968432705 968433716
968435103 968436730
968436964 968450531
968453365 968454442
968456456 968463308
968465518 968467951
968469561 968497587
968500489 968504348
968522021 968530340
968530470 968533604
968549402 968549470
968556757 968561107
968561455 968566212
968571186 968572834
968576181 968581948
968582087 968587701
968589426 968596498
968599389 968601031
968602416 968603791
968604025 968604183
968604976 968606315
968607255 968614450
968617898 968634805
968638548 968644632
968646025 968675267
968676835 968679322
968680215 968686683
968688905 968691719
968693321 968693987
968694718 968699693
968701111 968713891
968714886 968717039
968718555 968718582
968718602 968722061
968722545 968726551
968727598 968754882
968757039 968758067
968760025 968761655
968762623 968764635
968765758 968766137
968767668 968773750
968773778 968788995
968790279 968801463
968801492 968803853
968805946 968814258
968815379 968818417
968819847 968827243
968828563 968835201
968836665 968839577
968840429 968847997
968850463 968851421
968852512 968856618
968858460 968860589
968862335 968878816
968878834 968878936
968880345 968902061
968903131 968907033
968908344 968908778
968910200 968912959
968914368 968916969
968918238 968927855
968928769 968930249
968931621 968936316
968937379 968937944
968939017 968950582
968952497 968952711
968953472 968960374
968962772 968973466
968973754 968978711
968984049 968985257
968986076 968986976
968988197 969019107
969020001 969023353
969024570 969027550
969028336 969030763
969031793 969035200
969035858 969045040
969049007 969049246
969053691 969057398
969057849 969057931
969062862 969065629
969066297 969072230
969072893 969104433
969107599 969110311
969124000 969127585
969129674 969130452
969134209 969153098
969176466 969181370
969186444 969188626
969191179 969193047
969212866 969215505
969247966 969255762
969256126 969259322
969261439 969278822
969283397 969292406
969292526 969292838
969329654 969332575
969332929 969344002
969345262 969376318
969378560 969408586
969410314 969454851
969457185 969458232
969459355 969493263
969494040 969539097
969543117 969555888
969558326 969562431
969563289 969571985
969575192 969582903
969585309 969589775
969590440 969628963
969633559 969633824
969634598 969640419
969640579 969649801
969650741 969654675
969656683 969669646
969670409 969670790
969670977 969678052
969681562 969714476
969728476 969729716
969732367 969741255
969777780 969804860
969806467 969810773
969812309 969812409
969813670 969816750
969835028 969837196
969839599 969842453
969849919 969854567
969855419 969883424
969885454 969888023
969888750 969889286
969890379 969890858
969890931 969893023
969895912 969906574
969920141 969924690
969925482 969927951
969931843 969932077
969935766 969936153
969938509 969939078
969940229 969940673
969942006 969942865
969943909 969943950
969944718 969948971
969950405 969951910
969952864 969953675
969954543 969958368
969960008 969960368
969963994 969964205
969965152 969974308
969974571 969979414
969985191 970008236
970009763 970009957
970013215 970013569
970015526 970015856
970032596 970035485
970037056 970037410
970039388 970048183
970048830 970051556
970052736 970053238
970055939 970056404
970059229 970059750
970062967 970063191
970065516 970065866
970079365 970083741
970084765 970086060
970086238 970095454
970100690 970146511
970150347 970169422
970171022 970174373
970175589 970176363
970177579 970188688
970190537 970209999
970211832 970219822
970221002 970227292
970230445 970236008
970242799 970248863
970277660 970294383
970296010 970319207
970373425 970380296
970386032 970405902
970406244 970408161
970408399 970411185
970412781 970412860
970415035 970421738
970450498 970497510
970499394 970507087
970566904 970568268
970569673 970570447
970572115 970573121
970573982 970576883
970578192 970581271
970589505 970589825
970594964 970598507
970631520 970670487
970675820 970682398
970683027 970683779
970695724 970758055
970760237 970763091
970763784 970777573
970780178 970787993
970789463 970804347
970808494 970827318
970843369 970848686
970883944 970886716
970887879 970900883
970902319 970923076
970952365 970961689
970970428 970971325
970973469 971014074
971015969 971019042
971020528 971031617
971033483 971036166
971070670 971075738
971075897 971096205
971100276 971102772
971106036 971108998
971111591 971118684
971148261 971173254
971174955 971175523
971176298 971182000
971183474 971185131
971187089 971187281
971187383 971191669
971194285 971195184
971234972 971235621
971236637 971246623
971249658 971252943
971255079 971258884
971260714 971262096
971263048 971263100
971268432 971268962
971271445 971271963
971287005 971287581
971287625 971287627
971287660 971287771
971289096 971291520
971296535 971298089
971301239 971302187
971306850 971306852
971306894 971306921
971309223 971310455
971311500 971312057
971316931 971317389
971319871 971320054
971332352 971332537
971347538 971347649
971373812 971377420
971379215 971397690
971398339 971400122
971401223 971403341
971405860 971408038
971408697 971411455
971412994 971413074
971414006 971414695
971415594 971443979
971446579 971455697
971499168 971502100
971502328 971527907
971545826 971549877
971550218 971552825
971555128 971558979
971559000 971562452
971562484 971566122
971568315 971569890
971569933 971580928
971581453 971583218
971589094 971593585
971599454 971601556
971603367 971610558
971612815 971614846
