931052708 931055109 0 0
931076896 931078422 0 0
931078528 931079417 0 0
931080617 931083969 0 0
931084877 931085909 0 0
931087097 931090398 0 0
931091956 931094716 0 0
931125824 931126315 0 0
931127116 931131473 0 0
931131904 931132967 0 0
931134555 931139711 0 0
931150944 931153447 0 0
931155452 931155578 0 0
931157974 931158580 0 0
931160296 931168114 0 0
931172416 931173654 0 0
931174456 931177008 0 0
931178537 931191093 0 0
931212561 931215048 0 0
931218886 931220215 0 0
931242123 931245477 0 0
931250547 931252551 0 0
931257335 931260610 0 0
931261877 931268002 0 0
931270026 931271679 0 0
931275027 931275754 0 0
931283293 931285117 0 0
931290692 931291128 0 0
931292789 931292910 0 0
931317186 931319458 0 0
931321135 931330524 0 0
931331181 931338588 0 0
931340994 931351287 0 0
931351306 931354215 0 0
931357989 931358526 0 0
931365256 931377046 0 0
931386256 931403664 0 1
931402640 931404478 1 0
931413997 931415072 0 0
931418878 931424544 0 0
931426097 931431487 0 0
931431552 931432940 0 0
931434808 931435534 0 0
931436849 931436936 0 0
931439658 931439964 0 0
931443031 931443438 0 0
931446557 931457928 0 0
931461152 931467247 0 0
931468817 931470168 0 0
931471301 931472783 0 0
931479596 931480268 0 0
931483130 931483408 0 0
931484557 931488865 0 0
931491250 931493989 0 0
931499526 931500161 0 0
931532577 931540489 0 0
931572684 931575486 0 0
931576945 931577571 0 0
931582611 931586908 0 0
931587429 931592256 0 0
931600810 931615577 0 0
931617383 931619011 0 0
931657083 931657197 0 0
931658625 931659071 0 0
931660306 931663309 0 0
931664128 931666344 0 0
931667306 931673022 0 0
931673608 931674755 0 0
931685699 931686164 0 0
931699514 931699605 0 0
931704410 931706625 0 0
931712153 931712998 0 0
931722628 931725593 0 0
931729355 931732192 0 0
931735500 931748232 0 0
931755809 931757397 0 0
931757440 931761602 0 0
931765138 931775068 0 0
931775338 931776362 0 0
931776790 931777324 0 0
931778453 931785726 0 0
931788493 931789948 0 0
931793105 931795282 0 0
931806644 931807091 0 0
931811212 931811707 0 0
931814270 931816107 0 0
931817031 931819904 0 0
931819959 931822815 0 0
931826475 931832040 0 0
931836793 931842637 0 0
931842932 931843486 0 0
931845510 931846612 0 0
931851319 931856064 0 0
931857948 931859847 0 0
931862953 931873915 0 0
931876107 931878044 0 0
931882589 931882717 0 0
931883485 931885139 0 0
931886238 931888049 0 0
931906891 931913697 0 0
931914606 931932014 0 1
931930990 931941442 1 0
931949457 931953010 0 0
931954992 931956099 0 0
931972859 931979336 0 0
931983901 931985765 0 0
931988658 931991834 0 0
931998060 931998951 0 0
932001611 932003769 0 0
932010680 932011112 0 0
932014809 932015472 0 0
932017822 932025262 0 0
932033001 932038678 0 0
932041437 932047266 0 0
932049047 932055058 0 0
932058572 932060587 0 0
932062705 932074138 0 0
932081683 932090746 0 0
932094330 932106401 0 0
932107168 932108653 0 0
932108680 932109218 0 0
932109959 932112658 0 0
932115268 932122405 0 0
932123648 932130147 0 0
932132100 932133122 0 0
932144795 932146282 0 0
932148013 932149655 0 0
932160666 932161256 0 0
932163273 932164052 0 0
932172102 932178160 0 0
932187087 932191441 0 0
932196440 932202885 0 0
932205873 932214935 0 0
932269258 932269480 0 0
932270492 932284674 0 0
932288665 932289857 0 0
932293443 932308128 0 0
932311471 932312149 0 0
932316434 932317068 0 0
932319084 932319274 0 0
932320369 932320656 0 0
932323723 932324420 0 0
932345677 932345972 0 0
932348140 932356999 0 0
932359128 932361834 0 0
932362651 932365837 0 0
932370618 932373156 0 0
932379009 932382683 0 0
932388600 932389228 0 0
932392463 932396196 0 0
932399191 932399549 0 0
932408671 932411335 0 0
932417009 932417980 0 0
932418081 932418523 0 0
932419372 932419981 0 0
932420853 932421531 0 0
932422329 932422662 0 0
932425475 932428702 0 0
932434417 932435310 0 0
932435651 932435818 0 0
932441350 932458758 0 1
932457734 932463697 1 0
932465416 932466961 0 0
932470756 932486982 0 0
932492038 932494822 0 0
932495918 932496512 0 0
932498631 932504674 0 0
932505817 932521140 0 0
932521942 932522273 0 0
932524282 932525229 0 0
932526160 932529588 0 0
932530779 932537341 0 0
932540797 932547513 0 0
932550889 932559595 0 0
932562483 932566399 0 0
932587098 932592903 0 0
932594634 932601620 0 0
932603799 932611888 0 0
932616154 932619001 0 0
932619581 932623846 0 0
932627169 932627258 0 0
932628292 932635506 0 0
932637850 932641762 0 0
932648123 932658501 0 0
932662932 932664855 0 0
932666899 932673372 0 0
932675678 932680046 0 0
932682523 932699931 0 1
932698907 932709376 1 0
932711212 932713715 0 0
932717212 932723943 0 0
932724757 932726404 0 0
932729381 932730308 0 0
932736772 932738407 0 0
932758842 932759066 0 0
932760935 932761469 0 0
932763575 932765863 0 0
932771327 932771745 0 0
932791915 932799100 0 0
932803648 932807971 0 0
932810102 932827510 0 1
932826486 932828440 1 0
932935560 932936370 0 0
932939605 932948405 0 0
932958826 932959434 0 0
932960498 932964635 0 0
932965829 932968833 0 0
932969810 932976045 0 0
932976597 932978319 0 0
932979353 932989948 0 0
932991285 932996087 0 0
932997233 932997815 0 0
933010476 933012257 0 0
933012293 933012412 0 0
933014598 933014931 0 0
933015825 933018592 0 0
933048184 933050737 0 0
933061327 933061888 0 0
933063485 933067897 0 0
933076358 933077741 0 0
933078827 933085744 0 0
933089709 933090528 0 0
933091353 933093218 0 0
933095086 933096088 0 0
933104983 933105996 0 0
933106098 933109832 0 0
933142374 933147051 0 0
933149548 933150132 0 0
933154332 933155191 0 0
933166840 933167952 0 0
933180305 933197713 0 1
933196689 933214097 1 1
933213073 933228575 1 0
933234841 933236147 0 0
933237803 933250724 0 0
933252472 933264843 0 0
933268926 933268991 0 0
933269425 933276385 0 0
933278719 933289802 0 0
933292866 933308454 0 0
933316739 933334147 0 1
933333123 933346905 1 0
933352584 933352981 0 0
933354387 933357405 0 0
933369460 933373018 0 0
933373946 933376274 0 0
933379458 933380182 0 0
933390050 933392172 0 0
933401132 933405773 0 0
933411506 933416378 0 0
933419191 933419892 0 0
933425997 933428547 0 0
933431363 933433253 0 0
933467398 933467473 0 0
933481667 933483047 0 0
933498781 933499059 0 0
933504175 933507523 0 0
933512959 933530367 0 1
933529343 933530708 1 0
933533260 933533731 0 0
933535061 933538290 0 0
933539631 933540368 0 0
933540661 933543271 0 0
933545624 933547418 0 0
933554019 933559012 0 0
933560786 933578194 0 1
933577170 933578547 1 0
933582359 933599767 0 1
933598743 933614159 1 0
933626104 933631479 0 0
933658954 933661172 0 0
933679663 933681993 0 0
933685797 933695265 0 0
933697149 933697995 0 0
933701582 933704909 0 0
933705402 933707068 0 0
933710382 933713249 0 0
933720060 933724188 0 0
933726635 933732989 0 0
933738363 933753294 0 0
933755040 933758333 0 0
933763551 933776703 0 0
933777613 933795021 0 1
933793997 933796659 1 0
933798794 933810507 0 0
933816782 933820204 0 0
933822603 933827232 0 0
933829024 933844069 0 0
933844620 933851241 0 0
933860664 933868181 0 0
933871738 933876868 0 0
933880194 933882512 0 0
933883904 933895703 0 0
933897396 933907032 0 0
933909120 933913217 0 0
933919242 933927220 0 0
933928531 933934329 0 0
933942989 933948482 0 0
933951212 933960023 0 0
933965109 933970404 0 0
933984631 933988606 0 0
933990657 933996695 0 0
933999363 934001566 0 0
934004537 934011340 0 0
934012338 934012829 0 0
934015221 934030026 0 0
934033006 934034451 0 0
934035818 934039962 0 0
934065792 934066467 0 0
934079170 934081021 0 0
934083340 934090931 0 0
934093285 934099524 0 0
934103335 934120743 0 1
934119719 934122971 1 0
934126605 934144013 0 1
934142989 934153067 1 0
934162221 934179538 0 0
934180030 934191995 0 0
934194572 934199684 0 0
934199726 934207132 0 0
934212549 934224256 0 0
934230874 934243990 0 0
934248432 934250640 0 0
934257654 934261893 0 0
934265631 934267289 0 0
934268094 934268336 0 0
934278581 934291760 0 0
934294840 934299178 0 0
934302076 934307717 0 0
934309513 934312061 0 0
934315699 934319983 0 0
934321640 934332597 0 0
934333611 934337090 0 0
934341532 934348551 0 0
934349542 934350097 0 0
934351875 934369283 0 1
934368259 934374417 1 0
934380729 934398137 0 1
934397113 934409208 1 0
934413129 934430537 0 1
934429513 934444664 1 0
934457174 934474582 0 1
934473558 934480024 1 0
934488006 934503550 0 0
934505241 934516079 0 0
934518086 934531269 0 0
934534908 934539865 0 0
934543178 934555499 0 0
934558569 934561537 0 0
934566136 934566924 0 0
934570265 934575046 0 0
934579364 934588346 0 0
934593938 934594320 0 0
934603526 934607122 0 0
934608260 934617379 0 0
934618944 934623791 0 0
934626312 934638534 0 0
934642338 934643441 0 0
934678632 934681632 0 0
934683337 934687193 0 0
934688697 934698468 0 0
934700165 934717573 0 1
934716549 934724587 1 0
934729106 934729918 0 0
934734882 934740272 0 0
934749183 934759654 0 0
934761553 934764139 0 0
934764199 934766866 0 0
934769511 934781817 0 0
934782782 934785893 0 0
934787913 934792051 0 0
934799416 934805816 0 0
934810005 934814838 0 0
934816742 934822009 0 0
934825021 934835254 0 0
934837092 934854500 0 1
934853476 934861073 1 0
934861380 934869535 0 0
934883764 934887919 0 0
934891950 934892607 0 0
934895850 934904753 0 0
934945006 934945603 0 0
934948257 934955323 0 0
934957381 934974789 0 1
934973765 934977770 1 0
935129407 935139791 0 0
935141699 935156449 0 0
935158341 935167865 0 0
935167907 935168409 0 0
935170647 935177366 0 0
935179081 935187045 0 0
935188296 935188891 0 0
935193460 935194621 0 0
935195991 935210231 0 0
935212593 935214377 0 0
935215876 935221320 0 0
935223510 935227064 0 0
935229277 935238455 0 0
935239579 935240653 0 0
935241927 935244473 0 0
935246268 935248398 0 0
935264940 935265091 0 0
935266781 935267440 0 0
935268670 935269731 0 0
935272939 935289446 0 0
935294958 935296441 0 0
935297264 935300788 0 0
935302229 935307516 0 0
935307581 935324989 0 1
935323965 935325157 1 0
935327618 935329657 0 0
935331196 935342495 0 0
935344652 935347109 0 0
935349860 935355107 0 0
935358716 935363437 0 0
935364721 935379524 0 0
935380867 935394597 0 0
935394642 935412050 0 1
935411026 935413833 1 0
935416561 935419811 0 0
935422071 935424298 0 0
935426469 935427438 0 0
935432174 935440025 0 0
935441697 935443997 0 0
935453782 935456759 0 0
935456819 935460333 0 0
935464161 935475997 0 0
935478488 935491275 0 0
935494493 935494792 0 0
935495170 935497417 0 0
935500148 935500953 0 0
935502150 935517451 0 0
935557148 935558828 0 0
935560001 935561731 0 0
935564063 935570689 0 0
935572280 935573341 0 0
935574302 935575904 0 0
935578012 935586478 0 0
935589327 935596804 0 0
935598275 935601046 0 0
935604250 935608709 0 0
935609962 935621952 0 0
935622144 935637040 0 0
935639180 935652897 0 0
935657326 935674734 0 1
935673710 935679831 1 0
935689166 935690117 0 0
935690224 935692920 0 0
935694609 935700114 0 0
935702502 935714506 0 0
935718349 935722982 0 0
935726672 935732848 0 0
935734795 935746184 0 0
935751213 935758791 0 0
937473630 937476189 0 0
937477622 937495030 0 1
937494006 937500399 1 0
937542194 937556274 0 0
937575484 937586931 0 0
937801896 937804123 0 0
937804181 937812174 0 0
937833858 937847529 0 0
937878164 937893008 0 0
937896849 937913115 0 0
937921459 937927071 0 0
937929145 937940728 0 0
937942520 937943343 0 0
938000353 938003143 0 0
938004408 938008920 0 0
938012306 938016943 0 0
938021663 938024130 0 0
938024258 938026887 0 0
938027196 938029028 0 0
938029312 938030759 0 0
938035980 938042773 0 0
938043653 938046582 0 0
938050369 938051871 0 0
938061400 938064731 0 0
938068286 938085694 0 1
938084670 938096161 1 0
938115802 938124803 0 0
938168989 938185709 0 0
938225855 938226151 0 0
938231454 938237833 0 0
938238057 938252810 0 0
938254947 938259067 0 0
938267235 938273143 0 0
938320179 938325461 0 0
938353157 938363873 0 0
938365976 938373297 0 0
938416945 938421758 0 0
938425329 938426679 0 0
938430855 938432685 0 0
938432710 938439818 0 0
938443267 938448361 0 0
938451380 938452236 0 0
938501272 938503876 0 0
938533176 938534439 0 0
938537469 938541723 0 0
938597964 938610749 0 0
938620069 938623936 0 0
938629763 938632375 0 0
938634128 938634317 0 0
938636512 938643116 0 0
938650871 938668279 0 1
938667255 938680220 1 0
938681540 938681661 0 0
938684218 938685003 0 0
938686353 938687318 0 0
938698765 938699323 0 0
938703016 938703510 0 0
938752801 938770209 0 1
938769185 938772062 1 0
938774560 938784107 0 0
938786041 938789645 0 0
938793393 938803002 0 0
938804704 938805597 0 0
938807495 938810317 0 0
938814174 938814468 0 0
938820420 938823787 0 0
938829945 938830645 0 0
938832203 938834247 0 0
938836796 938837799 0 0
938838951 938839962 0 0
938853837 938854761 0 0
938857212 938867552 0 0
938870726 938876483 0 0
939035694 939041234 0 0
939042180 939043599 0 0
939046455 939046839 0 0
939048836 939066244 0 1
939065220 939066327 1 0
939067906 939069730 0 0
939072309 939087498 0 0
939098292 939115700 0 1
939114676 939116936 1 0
939119643 939120843 0 0
939122760 939131931 0 0
939134364 939147721 0 0
939160593 939168105 0 0
939171963 939189371 0 1
939188347 939199065 1 0
939204965 939214504 0 0
939216429 939233837 0 1
939232813 939238657 1 0
939244085 939245669 0 0
939247480 939262958 0 0
939264557 939281629 0 0
939283490 939287168 0 0
939287360 939304768 0 1
939303744 939312269 1 0
939323481 939334720 0 0
939343507 939353763 0 0
939358229 939375637 0 1
939374613 939376252 1 0
939378243 939384753 0 0
939387672 939389382 0 0
939393520 939395379 0 0
939397000 939399352 0 0
939406812 939407107 0 0
939412536 939415104 0 0
939421539 939424883 0 0
939426231 939430239 0 0
939431382 939447846 0 0
939460728 939464778 0 0
939467618 939469447 0 0
939472264 939475202 0 0
939477180 939481452 0 0
939518254 939521179 0 0
939533692 939551100 0 1
939550076 939561040 1 0
939618730 939628387 0 0
939634851 939647964 0 0
939653334 939655748 0 0
939657435 939660272 0 0
939660924 939662344 0 0
939675615 939684491 0 0
939692632 939709632 0 0
939713630 939731038 0 1
939730014 939732416 1 0
939737372 939740466 0 0
939742951 939755405 0 0
939765730 939777194 0 0
939786625 939792537 0 0
939795135 939812543 0 1
939811519 939828927 1 1
939827903 939829011 1 0
939831746 939849154 0 1
939848130 939852530 1 0
939855971 939870505 0 0
939885315 939892166 0 0
939895868 939913276 0 1
939912252 939929660 1 1
939928636 939939166 1 0
939946485 939949631 0 0
939951632 939969040 0 1
939968016 939985424 1 1
939984400 939986659 1 0
939991663 939993951 0 0
939995454 940012146 0 0
940015978 940025468 0 0
940027889 940028522 0 0
940054090 940071498 0 1
940070474 940082301 1 0
940132069 940132891 0 0
940139471 940156879 0 1
940155855 940160854 1 0
940170881 940185198 0 0
940187058 940187254 0 0
940190961 940194328 0 0
940211183 940212919 0 0
940214745 940232153 0 1
940231129 940248537 1 1
940247513 940255278 1 0
940263961 940273631 0 0
940276644 940277211 0 0
940283008 940283721 0 0
940284792 940287539 0 0
940294715 940302482 0 0
940304279 940307400 0 0
940308986 940326160 0 0
940327794 940343926 0 0
940348074 940349067 0 0
940350937 940351460 0 0
940352388 940353124 0 0
940354851 940360540 0 0
940362226 940362834 0 0
940365359 940368199 0 0
940372320 940375972 0 0
940529747 940530753 0 0
940534854 940552262 0 1
940551238 940557107 1 0
940559639 940576411 0 0
940589583 940597995 0 0
940603911 940606100 0 0
940624312 940629500 0 0
940641205 940644078 0 0
940646524 940654028 0 0
940655819 940666023 0 0
940672486 940680824 0 0
940710959 940717454 0 0
940719353 940733943 0 0
940734960 940752368 0 1
940751344 940768752 1 1
940767728 940774407 1 0
940782543 940791423 0 0
940843743 940861151 0 1
940860127 940861248 1 0
940862153 940862475 0 0
940862702 940867765 0 0
940869992 940870083 0 0
940874003 940874296 0 0
940877991 940895399 0 1
940894375 940897876 1 0
940900175 940902305 0 0
940903190 940920598 0 1
940919574 940922182 1 0
940924012 940925270 0 0
940929599 940929829 0 0
940937136 940937200 0 0
940938969 940939192 0 0
940944281 940948441 0 0
940949373 940960741 0 0
940962338 940963227 0 0
940963328 940966227 0 0
940966326 940968404 0 0
940971201 940976686 0 0
940984501 940985244 0 0
940985352 940993014 0 0
940994647 940995929 0 0
941000539 941001030 0 0
941008186 941011588 0 0
941012662 941013130 0 0
941013965 941014054 0 0
941014733 941015855 0 0
941021244 941021604 0 0
941022458 941030727 0 0
941032839 941036173 0 0
941038501 941048078 0 0
941064564 941067582 0 0
941071831 941089239 0 1
941088215 941105623 1 1
941104599 941122007 1 1
941120983 941122937 1 0
941127946 941130268 0 0
941132104 941145392 0 0
941150247 941154564 0 0
941157969 941158306 0 0
941161815 941179223 0 1
941178199 941194824 1 0
941197405 941214813 0 1
941213789 941227887 1 0
941231725 941233425 0 0
941238428 941239561 0 0
941244407 941251321 0 0
941252360 941269768 0 1
941268744 941275807 1 0
941280327 941288780 0 0
941290197 941294829 0 0
941296421 941299514 0 0
941336632 941344211 0 0
941346143 941363551 0 1
941362527 941373617 1 0
941376222 941383524 0 0
941386056 941388646 0 0
941391994 941395958 0 0
941403878 941411418 0 0
941412764 941422259 0 0
941425135 941439078 0 0
941446323 941453019 0 0
941455988 941461369 0 0
941472234 941473279 0 0
941474811 941476173 0 0
941477258 941477464 0 0
941479159 941479984 0 0
941485265 941490017 0 0
941492955 941493596 0 0
941494705 941497838 0 0
941500300 941502890 0 0
941505841 941512102 0 0
941515078 941524134 0 0
941684461 941684776 0 0
941686481 941686637 0 0
941690956 941698690 0 0
941703004 941720412 0 1
941719388 941735029 1 0
941738578 941749308 0 0
941754198 941757137 0 0
941764675 941782083 0 1
941781059 941798467 1 1
941797443 941799404 1 0
941805858 941815398 0 0
941817296 941819445 0 0
941837459 941839248 0 0
941842909 941854067 0 0
941861494 941873590 0 0
941881500 941892102 0 0
941897154 941899044 0 0
941900441 941904266 0 0
941938842 941956250 0 1
941955226 941959777 1 0
942139555 942155423 0 0
942156313 942158952 0 0
942162482 942168933 0 0
942174770 942175044 0 0
942197140 942201217 0 0
942204139 942208714 0 0
942210317 942214886 0 0
942217947 942218461 0 0
942218613 942236021 0 1
942234997 942252405 1 1
942251381 942254386 1 0
942265831 942268626 0 0
942272234 942273509 0 0
942274856 942276135 0 0
942278336 942284034 0 0
942285140 942299088 0 0
942303214 942316874 0 0
942318324 942335732 0 1
942334708 942352116 1 1
942351092 942361805 1 0
942363882 942377231 0 0
942385942 942403350 0 1
942402326 942418134 1 0
942440116 942442417 0 0
942450041 942450449 0 0
942451497 942456774 0 0
942458109 942466590 0 0
942473476 942485944 0 0
942488996 942499374 0 0
942571561 942576003 0 0
942580945 942582722 0 0
942584427 942585980 0 0
942587928 942592551 0 0
942593397 942595787 0 0
942598728 942601923 0 0
942658377 942675785 0 1
942674761 942675830 1 0
942676886 942677287 0 0
942680676 942681245 0 0
942733339 942743551 0 0
942746012 942756649 0 0
942772479 942772936 0 0
942775198 942777119 0 0
942798616 942798832 0 0
942801048 942803517 0 0
942810518 942812249 0 0
942812955 942826372 0 0
942830360 942847768 0 1
942846744 942853188 1 0
942857042 942859390 0 0
942861879 942862969 0 0
942865987 942867632 0 0
942868794 942869479 0 0
942871287 942873023 0 0
942880224 942887440 0 0
942892315 942909723 0 1
942908699 942912011 1 0
942930215 942935617 0 0
942953027 942953222 0 0
942957751 942960299 0 0
942963045 942971170 0 0
942976578 942977576 0 0
942979026 942979550 0 0
942981728 942995780 0 0
942997671 943001823 0 0
943004814 943007689 0 0
943007871 943015978 0 0
943017945 943021950 0 0
943033219 943034589 0 0
943038131 943039041 0 0
943040960 943047034 0 0
943049450 943058082 0 0
943061975 943073081 0 0
943076802 943094210 0 1
943093186 943102804 1 0
943107973 943114647 0 0
943140265 943149101 0 0
943151000 943157353 0 0
943161134 943168290 0 0
943172645 943190053 0 1
943189029 943194880 1 0
943212926 943217547 0 0
943218539 943226391 0 0
943227807 943232457 0 0
943234473 943251881 0 1
943250857 943258951 1 0
943263493 943280901 0 1
943279877 943297285 1 1
943296261 943298288 1 0
943299778 943308117 0 0
943309832 943327240 0 1
943326216 943338749 1 0
943342276 943345550 0 0
943349649 943367057 0 1
943366033 943370183 1 0
943370417 943376215 0 0
943380223 943384731 0 0
943386591 943388240 0 0
943389667 943392590 0 0
943394089 943395693 0 0
943398513 943398801 0 0
943400405 943401024 0 0
943404911 943410190 0 0
943412919 943430327 0 1
943429303 943430652 1 0
943435317 943436100 0 0
943438345 943440795 0 0
943444537 943453785 0 0
943459626 943470339 0 0
943472870 943476815 0 0
943476977 943485617 0 0
943487118 943500954 0 0
943503342 943520750 0 1
943519726 943537134 1 1
943536110 943537372 1 0
943541981 943552725 0 0
943558445 943565725 0 0
943569756 943587164 0 1
943586140 943590797 1 0
943592837 943595828 0 0
943599439 943616847 0 1
943615823 943629651 1 0
943630725 943631108 0 0
943634559 943634738 0 0
943636332 943638321 0 0
943641339 943645776 0 0
943648729 943662693 0 0
943663389 943666475 0 0
943669727 943674310 0 0
943675881 943693289 0 1
943692265 943701628 1 0
943703870 943709365 0 0
943715988 943720019 0 0
943740795 943750183 0 0
943751516 943760893 0 0
943764852 943769796 0 0
943770907 943788315 0 1
943787291 943800889 1 0
943803740 943804292 0 0
943808425 943824193 0 0
943828486 943836178 0 0
943843287 943851292 0 0
943852280 943858900 0 0
943865513 943882921 0 1
943881897 943887083 1 0
943888887 943889801 0 0
943890977 943891049 0 0
943893349 943906203 0 0
943907703 943914939 0 0
943916987 943919462 0 0
943920157 943934267 0 0
943935866 943951195 0 0
943952214 943955113 0 0
943957016 943965072 0 0
943968273 943971172 0 0
943973209 943977762 0 0
943980402 943983185 0 0
943983878 944001286 0 1
944000262 944004170 1 0
944006081 944015009 0 0
944017658 944033544 0 0
944035346 944044696 0 0
944046357 944056644 0 0
944059041 944076449 0 1
944075425 944081176 1 0
944083917 944101325 0 1
944100301 944106024 1 0
944108679 944126087 0 1
944125063 944126211 1 0
944183787 944190315 0 0
944191727 944203039 0 0
944203261 944220669 0 1
944219645 944232074 1 0
944235341 944235828 0 0
944236765 944237894 0 0
944239307 944245283 0 0
944247204 944250769 0 0
944252326 944258058 0 0
944259448 944261878 0 0
944262095 944267633 0 0
944270686 944280095 0 0
944284485 944301893 0 1
944300869 944312402 1 0
944315841 944319932 0 0
944320760 944321454 0 0
944376755 944378010 0 0
944382082 944390297 0 0
944390585 944404929 0 0
944406525 944407248 0 0
944423312 944423662 0 0
944429514 944430341 0 0
944435229 944437002 0 0
944438232 944442533 0 0
944443677 944447972 0 0
944454060 944456103 0 0
944456837 944465177 0 0
944468039 944474801 0 0
944478280 944493978 0 0
944496027 944497411 0 0
944500631 944502221 0 0
944505477 944508939 0 0
944536113 944538750 0 0
944539836 944545083 0 0
944551614 944569022 0 1
944567998 944570788 1 0
944573186 944580160 0 0
944581447 944582437 0 0
944583263 944585743 0 0
944591884 944592520 0 0
944592597 944593317 0 0
944597320 944599188 0 0
944601277 944602371 0 0
944606252 944609288 0 0
944611461 944616390 0 0
944620780 944638188 0 1
944637164 944646883 1 0
944657576 944672222 0 0
944682207 944685088 0 0
944688207 944694593 0 0
944696281 944713689 0 1
944712665 944713713 1 0
944722581 944725094 0 0
944731294 944748702 0 1
944747678 944756779 1 0
944762241 944769756 0 0
944771613 944772096 0 0
944772652 944773497 0 0
944775605 944793013 0 1
944791989 944803991 1 0
944806455 944808121 0 0
944814359 944820628 0 0
944823318 944837768 0 0
944844775 944844975 0 0
944850230 944852445 0 0
944853854 944854647 0 0
944854915 944855671 0 0
944859644 944863660 0 0
944868337 944868686 0 0
944870172 944883376 0 0
944886043 944903451 0 1
944902427 944919835 1 1
944918811 944927069 1 0
944952966 944956572 0 0
944958148 944975556 0 1
944974532 944991940 1 1
944990916 945008324 1 1
945007300 945010532 1 0
945017826 945020417 0 0
945030252 945032489 0 0
945034449 945035312 0 0
945036592 945036843 0 0
945038173 945039847 0 0
945040985 945041296 0 0
945044497 945049798 0 0
945054417 945071825 0 1
945070801 945088209 1 1
945087185 945095495 1 0
945102675 945104189 0 0
945105537 945109855 0 0
945121715 945124188 0 0
945128293 945128463 0 0
945129162 945135260 0 0
945136125 945142719 0 0
945146316 945163724 0 1
945162700 945180108 1 1
945179084 945182419 1 0
945184506 945185798 0 0
945190352 945193631 0 0
945243366 945249361 0 0
945252716 945263735 0 0
945266987 945275269 0 0
945276651 945285010 0 0
945288049 945288622 0 0
945292583 945302089 0 0
945308839 945326247 0 1
945325223 945342631 1 1
945341607 945359015 1 1
945357991 945375399 1 1
945374375 945377249 1 0
945381006 945386960 0 0
945388591 945390616 0 0
945392247 945409655 0 1
945408631 945426039 1 1
945425015 945429106 1 0
945438966 945444608 0 0
945447216 945448283 0 0
945452106 945458825 0 0
945468842 945480182 0 0
945480668 945483780 0 0
945489587 945491028 0 0
945496563 945497988 0 0
945498591 945508971 0 0
945514448 945527118 0 0
945583284 945589172 0 0
945594394 945611802 0 1
945610778 945613693 1 0
945626617 945627025 0 0
945629715 945632670 0 0
945634901 945635622 0 0
945637588 945649445 0 0
945655251 945669864 0 0
945671933 945689341 0 1
945688317 945699231 1 0
945710309 945711986 0 0
945715152 945722500 0 0
945724456 945741864 0 1
945740840 945758248 1 1
945757224 945765539 1 0
945772693 945790101 0 1
945789077 945806485 1 1
945805461 945814637 1 0
945817466 945834874 0 1
945833850 945843357 1 0
945845664 945863072 0 1
945862048 945873469 1 0
945875285 945892693 0 1
945891669 945904366 1 0
945909396 945919103 0 0
945920861 945938269 0 1
945937245 945954653 1 1
945953629 945964572 1 0
945966285 945976440 0 0
945978440 945995029 0 0
945997166 945997793 0 0
945999544 946015582 0 0
946017774 946035182 0 1
946034158 946051566 1 1
946050542 946056000 1 0
946059034 946059550 0 0
946060313 946060882 0 0
946061994 946062174 0 0
946063370 946064629 0 0
946065709 946067032 0 0
946068349 946068806 0 0
946069450 946072078 0 0
946073357 946075548 0 0
946076460 946086263 0 0
946087581 946088558 0 0
946092799 946097707 0 0
946098290 946112438 0 0
946118390 946132552 0 0
946134779 946137551 0 0
946146741 946146941 0 0
946149910 946150483 0 0
946152909 946154403 0 0
946155437 946156435 0 0
946157853 946163966 0 0
946164714 946166497 0 0
946173418 946187467 0 0
946191359 946201621 0 0
946204618 946214174 0 0
946218848 946227405 0 0
946229631 946230095 0 0
946232581 946234194 0 0
946236534 946240151 0 0
946262239 946274072 0 0
946278277 946285989 0 0
946291963 946298218 0 0
946310697 946328105 0 1
946327081 946329936 1 0
946334438 946339035 0 0
946340946 946351811 0 0
946356479 946360633 0 0
946362652 946369162 0 0
946372854 946382643 0 0
946395595 946396763 0 0
946400173 946404989 0 0
946412312 946413589 0 0
946415770 946422998 0 0
946427047 946436310 0 0
946439489 946447006 0 0
946457753 946457944 0 0
946462986 946471011 0 0
946495349 946512757 0 1
946511733 946515184 1 0
946518234 946523277 0 0
946528052 946545460 0 1
946544436 946548501 1 0
946551509 946557712 0 0
946559688 946577096 0 1
946576072 946578557 1 0
946580738 946586820 0 0
946589828 946594225 0 0
946604804 946609147 0 0
946610200 946622012 0 0
946623931 946635405 0 0
946642518 946650432 0 0
946654066 946655299 0 0
946658932 946659838 0 0
946660677 946662270 0 0
946663746 946664575 0 0
946669505 946671170 0 0
946674008 946675814 0 0
946678232 946679686 0 0
946680407 946683176 0 0
946684077 946688505 0 0
946693053 946701498 0 0
946705117 946705501 0 0
946707201 946711795 0 0
946712564 946722658 0 0
946729604 946729765 0 0
946735405 946738415 0 0
946770079 946771256 0 0
946776739 946794147 0 1
946793123 946799031 1 0
946802877 946818946 0 0
946823971 946824770 0 0
946830479 946831049 0 0
946836960 946840722 0 0
946845091 946846284 0 0
946847415 946847615 0 0
946851386 946855058 0 0
946858213 946868814 0 0
946869580 946886988 0 1
946885964 946903372 1 1
946902348 946909297 1 0
946918503 946919136 0 0
946920330 946920523 0 0
946922189 946923152 0 0
946925898 946928385 0 0
946929618 946930152 0 0
946931167 946931281 0 0
946933903 946934311 0 0
946939911 946940086 0 0
946941137 946942004 0 0
946949672 946962963 0 0
946966021 946983429 0 1
946982405 946994768 1 0
946995332 946996113 0 0
946997515 946997870 0 0
947000296 947001773 0 0
947004009 947008275 0 0
947011403 947012346 0 0
947014516 947016605 0 0
947023785 947026978 0 0
947027708 947045116 0 1
947044092 947045834 1 0
947054345 947059726 0 0
947062268 947072479 0 0
947073606 947073721 0 0
947074093 947091501 0 1
947090477 947093015 1 0
947096822 947100296 0 0
947103357 947109226 0 0
947111560 947118577 0 0
947124101 947125438 0 0
947128357 947137741 0 0
947140376 947157784 0 1
947156760 947174168 1 1
947173144 947190552 1 1
947189528 947198810 1 0
947210536 947225172 0 0
947228635 947234365 0 0
947242458 947256890 0 0
947257996 947258090 0 0
947258944 947259149 0 0
947293537 947294464 0 0
947294900 947297162 0 0
947301748 947314985 0 0
947317193 947318074 0 0
947323004 947340412 0 1
947339388 947344275 1 0
948444884 948455066 0 0
948462478 948476360 0 0
948540482 948540581 0 0
948547076 948547315 0 0
948547923 948548621 0 0
948597702 948615110 0 1
948614086 948615683 1 0
948640408 948644198 0 0
948712708 948717776 0 0
948724888 948735688 0 0
948740849 948745461 0 0
949008598 949020449 0 0
949048288 949057744 0 0
949059179 949063304 0 0
949068025 949077671 0 0
949080380 949083185 0 0
949111704 949129112 0 1
949128088 949133516 1 0
949137090 949145607 0 0
949147849 949160769 0 0
949291761 949298096 0 0
949303943 949305079 0 0
949309491 949313367 0 0
949317318 949320976 0 0
949324603 949325334 0 0
949327453 949331508 0 0
949381472 949398880 0 1
949397856 949405729 1 0
949407153 949417981 0 0
949460346 949467309 0 0
949469621 949487029 0 1
949486005 949503413 1 1
949502389 949504650 1 0
949506284 949507013 0 0
949509167 949515838 0 0
949532733 949532877 0 0
949535400 949552808 0 1
949551784 949559009 1 0
949599343 949605682 0 0
949621060 949638468 0 1
949637444 949654852 1 1
949653828 949657805 1 0
949665369 949666916 0 0
949669261 949685404 0 0
949726733 949733344 0 0
949736254 949753662 0 1
949752638 949762867 1 0
949810685 949816112 0 0
949818863 949831919 0 0
949834010 949847725 0 0
949850332 949857649 0 0
949872936 949873206 0 0
949874868 949877227 0 0
949878147 949881103 0 0
949888419 949893414 0 0
949898617 949916025 0 1
949915001 949932409 1 1
949931385 949937243 1 0
949939190 949942738 0 0
949962209 949971364 0 0
949972017 949972617 0 0
949973460 949980867 0 0
949982483 949999891 0 1
949998867 950002688 1 0
950004719 950006145 0 0
950007820 950010151 0 0
950011853 950012199 0 0
950014570 950016868 0 0
950018418 950019955 0 0
950021124 950024358 0 0
950025150 950026258 0 0
950029470 950037114 0 0
950043392 950050419 0 0
950058930 950062414 0 0
950064242 950064464 0 0
950075801 950076366 0 0
950081734 950095553 0 0
950098106 950108482 0 0
950109748 950126753 0 0
950128837 950146245 0 1
950145221 950162629 1 1
950161605 950170207 1 0
950173385 950175483 0 0
950176741 950194149 0 1
950193125 950197222 1 0
950198725 950208406 0 0
950209788 950227196 0 1
950226172 950227920 1 0
950230370 950247778 0 1
950246754 950264162 1 1
950263138 950280546 1 1
950279522 950288178 1 0
950296801 950297447 0 0
950300116 950302151 0 0
950303711 950309865 0 0
950316422 950328235 0 0
950331094 950348502 0 1
950347478 950358048 1 0
950361539 950374045 0 0
950414802 950432210 0 1
950431186 950448594 1 1
950447570 950456789 1 0
950458151 950458442 0 0
950460093 950463891 0 0
950466865 950470102 0 0
950482057 950491442 0 0
950497767 950501660 0 0
950506584 950514085 0 0
950517846 950535254 0 1
950534230 950549442 1 0
950554845 950559185 0 0
950561894 950566443 0 0
950571375 950588783 0 1
950587759 950593751 1 0
950603476 950606764 0 0
950608628 950613810 0 0
950616535 950633943 0 1
950632919 950635361 1 0
950666417 950666775 0 0
950669955 950671378 0 0
950675738 950681000 0 0
950681146 950695585 0 0
950697229 950714637 0 1
950713613 950719712 1 0
950724276 950741684 0 1
950740660 950744718 1 0
950752681 950753210 0 0
950774055 950791463 0 1
950790439 950807847 1 1
950806823 950821831 1 0
950827710 950840427 0 0
950843186 950846153 0 0
950864745 950882153 0 1
950881129 950889799 1 0
950894122 950899032 0 0
950900662 950901464 0 0
950902940 950910275 0 0
950912626 950930034 0 1
950929010 950946418 1 1
950945394 950962802 1 1
950961778 950966853 1 0
950973645 950974951 0 0
950999740 950999987 0 0
951000243 951001732 0 0
951003618 951005178 0 0
951007617 951017427 0 0
951025168 951026511 0 0
951028836 951046244 0 1
951045220 951048849 1 0
951053214 951070622 0 1
951069598 951080263 1 0
951084966 951087213 0 0
951090751 951093433 0 0
951095742 951103437 0 0
951110708 951116616 0 0
951118760 951125429 0 0
951128294 951141989 0 0
951148034 951152258 0 0
951157872 951164427 0 0
951166521 951167716 0 0
951170468 951179393 0 0
951184198 951201606 0 1
951200582 951208265 1 0
951215448 951232856 0 1
951231832 951244912 1 0
951246163 951250175 0 0
951259754 951261590 0 0
951265889 951283297 0 1
951282273 951288464 1 0
951321159 951321532 0 0
951326019 951329722 0 0
951342537 951348362 0 0
951351989 951353471 0 0
951355513 951372921 0 1
951371897 951389305 1 1
951388281 951392340 1 0
951395712 951413120 0 1
951412096 951429504 1 1
951428480 951434029 1 0
951437227 951447498 0 0
951449877 951467285 0 1
951466261 951483669 1 1
951482645 951500053 1 1
951499029 951508531 1 0
951515291 951519552 0 0
951519616 951521983 0 0
951522048 951522753 0 0
951524562 951538800 0 0
951541190 951543768 0 0
951547648 951555282 0 0
951559942 951577350 0 1
951576326 951580821 1 0
951610420 951624600 0 0
951634380 951635632 0 0
951637017 951648485 0 0
951652071 951666284 0 0
951672374 951675938 0 0
951683097 951690867 0 0
951694371 951697943 0 0
951705325 951722733 0 1
951721709 951723121 1 0
951727386 951744794 0 1
951743770 951747342 1 0
951762129 951767069 0 0
951767106 951767457 0 0
951777682 951778315 0 0
951785793 951796082 0 0
951798533 951808638 0 0
951810499 951812428 0 0
951816511 951816795 0 0
951820231 951825649 0 0
951851380 951853899 0 0
951855311 951855609 0 0
951857051 951857175 0 0
951858611 951859684 0 0
951861794 951861857 0 0
951865166 951882574 0 1
951881550 951892153 1 0
951895268 951900532 0 0
951902627 951912711 0 0
951917697 951918158 0 0
951920193 951923015 0 0
951925983 951929511 0 0
951932994 951939190 0 0
951940772 951947034 0 0
951950570 951951993 0 0
951957137 951967093 0 0
951968534 951981372 0 0
951986324 951995676 0 0
951998816 952000458 0 0
952002316 952008107 0 0
952041015 952050789 0 0
952052106 952053584 0 0
952056215 952057826 0 0
952061848 952064829 0 0
952066259 952066810 0 0
952068513 952072570 0 0
952076792 952077536 0 0
952079929 952083833 0 0
952086337 952098258 0 0
952100094 952101484 0 0
952135714 952142445 0 0
952146750 952161125 0 0
952164359 952173102 0 0
952177525 952179249 0 0
952221746 952237327 0 0
952244839 952247485 0 0
952253837 952258137 0 0
952261575 952265254 0 0
952271637 952273571 0 0
952293024 952294441 0 0
952303710 952310152 0 0
952311863 952329271 0 1
952328247 952338041 1 0
952345876 952354391 0 0
952383838 952389513 0 0
952390541 952405324 0 0
952405948 952420798 0 0
952430714 952448122 0 1
952447098 952448608 1 0
952450101 952451794 0 0
952456053 952461222 0 0
952478982 952482513 0 0
952499821 952513182 0 0
952517590 952520280 0 0
952522276 952539684 0 1
952538660 952544873 1 0
952545407 952553545 0 0
952556487 952566160 0 0
952594296 952595560 0 0
952597799 952601556 0 0
952603580 952614833 0 0
952617757 952635165 0 1
952634141 952641068 1 0
952643611 952657477 0 0
952675980 952682495 0 0
952684948 952692003 0 0
952695103 952699212 0 0
952727308 952732082 0 0
952733312 952737930 0 0
952740079 952742132 0 0
952747367 952754524 0 0
952756478 952765972 0 0
952772215 952772360 0 0
952776306 952778241 0 0
952807342 952821905 0 0
952823743 952825877 0 0
952833746 952838777 0 0
952846119 952863527 0 1
952862503 952872302 1 0
952883188 952888104 0 0
952889743 952890514 0 0
952893912 952898883 0 0
952903431 952920839 0 1
952919815 952923491 1 0
952927178 952934726 0 0
952934799 952952207 0 1
952951183 952952390 1 0
952959672 952964046 0 0
952967822 952974923 0 0
952976569 952980342 0 0
952982242 952983708 0 0
952988414 953005822 0 1
953004798 953016177 1 0
953021644 953039052 0 1
953038028 953050517 1 0
953059160 953061377 0 0
953062634 953069282 0 0
953070658 953072884 0 0
953075613 953076250 0 0
953079031 953096439 0 1
953095415 953097116 1 0
953100702 953115943 0 0
953124698 953129616 0 0
953136629 953141283 0 0
953143380 953153539 0 0
953155477 953155924 0 0
953157362 953160002 0 0
953162233 953179641 0 1
953178617 953181083 1 0
953186477 953192904 0 0
953194349 953210793 0 0
953215382 953232275 0 0
953236586 953244474 0 0
953270745 953288153 0 1
953287129 953303572 1 0
953308152 953311277 0 0
953312207 953313066 0 0
953317079 953320811 0 0
953322199 953322418 0 0
953323135 953323755 0 0
953326312 953335685 0 0
953339255 953356663 0 1
953355639 953366652 1 0
953373572 953384301 0 0
953412103 953427112 0 0
953432114 953445292 0 0
953448481 953461554 0 0
953466380 953483788 0 1
953482764 953491089 1 0
953498682 953505629 0 0
953515181 953532589 0 1
953531565 953548973 1 1
953547949 953551783 1 0
953554666 953572074 0 1
953571050 953576893 1 0
953578036 953581708 0 0
953594006 953596022 0 0
953597321 953602986 0 0
953616439 953626869 0 0
953628882 953635925 0 0
953637441 953651107 0 0
953652548 953654563 0 0
953670172 953670477 0 0
953672117 953674630 0 0
953677854 953686249 0 0
953687731 953705139 0 1
953704115 953720156 1 0
953723264 953740672 0 1
953739648 953744472 1 0
953747723 953765131 0 1
953764107 953768727 1 0
953778450 953795858 0 1
953794834 953796290 1 0
953803579 953820987 0 1
953819963 953821938 1 0
953826693 953835689 0 0
953839193 953846723 0 0
953876314 953893722 0 1
953892698 953898197 1 0
953927267 953927750 0 0
953942055 953946846 0 0
953949192 953965841 0 0
953978947 953981335 0 0
953997580 953998545 0 0
954016251 954025319 0 0
954026234 954026473 0 0
954032920 954050328 0 1
954049304 954053209 1 0
954057145 954074553 0 1
954073529 954076002 1 0
954093895 954094782 0 0
954096392 954096627 0 0
954099305 954101882 0 0
954103128 954113354 0 0
954114426 954131834 0 1
954130810 954145426 1 0
954150641 954159230 0 0
954168933 954174251 0 0
954181771 954184871 0 0
954186170 954192129 0 0
954192430 954198559 0 0
954199957 954217365 0 1
954216341 954233749 1 1
954232725 954235300 1 0
954238847 954245618 0 0
954248876 954252520 0 0
954258949 954267122 0 0
954268966 954269930 0 0
954272921 954278145 0 0
954280782 954283580 0 0
954308412 954308759 0 0
954311077 954314026 0 0
954323268 954340676 0 1
954339652 954342905 1 0
954345357 954354258 0 0
954357623 954365787 0 0
954366832 954368417 0 0
954370689 954386373 0 0
954394278 954398980 0 0
954401111 954401392 0 0
954408151 954425559 0 1
954424535 954436566 1 0
954439391 954440068 0 0
954441583 954443397 0 0
954445052 954455780 0 0
954479102 954482151 0 0
954487370 954493838 0 0
954495479 954498860 0 0
954560485 954577308 0 0
954581500 954584773 0 0
954585857 954591638 0 0
954592601 954598694 0 0
954642325 954652936 0 0
954655768 954662508 0 0
954672861 954689040 0 0
954704638 954705779 0 0
954706822 954709298 0 0
954710499 954713679 0 0
954749986 954752623 0 0
954753762 954754705 0 0
954755825 954757451 0 0
954760131 954762016 0 0
954763820 954765044 0 0
954766645 954766775 0 0
954803909 954805342 0 0
954820232 954820744 0 0
954830637 954834319 0 0
954836735 954839463 0 0
954842034 954847956 0 0
954866631 954872581 0 0
954874200 954883488 0 0
954896911 954899121 0 0
954899827 954905440 0 0
954916365 954922126 0 0
954923326 954932177 0 0
954933409 954935071 0 0
954938890 954942743 0 0
954951679 954960396 0 0
954975441 954981927 0 0
954997783 954999350 0 0
955008275 955010379 0 0
955012128 955014831 0 0
955034459 955043333 0 0
955052309 955052459 0 0
955054316 955059572 0 0
955061495 955063025 0 0
955082925 955086902 0 0
955088505 955090618 0 0
955094058 955098467 0 0
955102527 955107728 0 0
955131697 955131807 0 0
955131963 955132311 0 0
955144047 955145794 0 0
955148618 955166026 0 1
955165002 955167591 1 0
955170783 955188191 0 1
955187167 955190281 1 0
955194306 955206371 0 0
955236927 955238625 0 0
955245502 955250895 0 0
955254306 955257765 0 0
955260155 955277563 0 1
955276539 955283037 1 0
955283110 955288554 0 0
955297454 955299614 0 0
955309168 955311061 0 0
955314826 955328114 0 0
955331729 955337123 0 0
955337631 955337886 0 0
955337936 955355344 0 1
955354320 955355896 1 0
955365358 955366335 0 0
955368239 955383318 0 0
955383386 955384775 0 0
955400580 955410720 0 0
955413788 955415305 0 0
955420988 955421799 0 0
955425726 955435482 0 0
955436592 955454000 0 1
955452976 955459168 1 0
955470357 955475255 0 0
955475590 955480509 0 0
955482835 955486164 0 0
955486208 955489343 0 0
955494182 955507281 0 0
955510213 955511361 0 0
955512633 955530041 0 1
955529017 955534328 1 0
955537997 955541712 0 0
955543207 955550255 0 0
955551553 955552115 0 0
955553989 955567565 0 0
955567616 955570113 0 0
955571546 955577376 0 0
955579948 955588742 0 0
955590858 955591398 0 0
955593395 955599692 0 0
955600949 955606347 0 0
955609809 955627217 0 1
955626193 955633127 1 0
955639966 955657374 0 1
955656350 955660911 1 0
955664355 955673029 0 0
955674039 955683832 0 0
955685159 955690279 0 0
955693751 955696084 0 0
955697912 955708725 0 0
955710358 955719896 0 0
955719936 955725634 0 0
955731428 955733430 0 0
955738579 955741651 0 0
955743852 955750989 0 0
955753060 955767516 0 0
955768853 955783131 0 0
955786173 955790496 0 0
955794865 955795059 0 0
955795252 955796003 0 0
955797581 955798988 0 0
955800352 955810922 0 0
955843908 955848906 0 0
955852055 955862616 0 0
955864486 955864901 0 0
955866456 955869948 0 0
955871613 955889005 0 0
955890297 955902865 0 0
955922991 955924061 0 0
955925355 955928037 0 0
955937585 955937703 0 0
955937792 955949085 0 0
955951806 955965890 0 0
955969182 955978577 0 0
955998428 956014065 0 0
956014176 956016240 0 0
956016256 956017006 0 0
956018628 956024278 0 0
956026522 956028794 0 0
956032603 956050011 0 1
956048987 956053015 1 0
956056573 956060662 0 0
956069508 956072843 0 0
956075441 956077382 0 0
956088065 956095607 0 0
956098798 956112976 0 0
956114104 956122736 0 0
956124338 956130709 0 0
956131886 956141773 0 0
956145631 956163039 0 1
956162015 956179423 1 1
956178399 956179822 1 0
956184154 956201562 0 1
956200538 956202264 1 0
956203710 956205203 0 0
956207311 956224719 0 1
956223695 956224794 1 0
956226382 956229905 0 0
956230614 956248022 0 1
956246998 956262605 1 0
956264222 956273794 0 0
956293930 956309289 0 0
956310857 956328265 0 1
956327241 956328893 1 0
956330248 956332214 0 0
956337868 956340648 0 0
956344692 956349120 0 0
956351085 956354127 0 0
956359542 956360918 0 0
956363888 956373877 0 0
956382841 956389293 0 0
956389587 956406957 0 0
956408393 956415903 0 0
956438872 956443910 0 0
956449001 956450213 0 0
956453516 956457852 0 0
956467065 956471172 0 0
956472920 956479451 0 0
956480733 956481269 0 0
956482430 956499838 0 1
956498814 956505694 1 0
956510572 956524834 0 0
956526771 956528788 0 0
956534249 956534557 0 0
956541135 956546385 0 0
956549019 956553264 0 0
956558820 956576228 0 1
956575204 956591416 1 0
956600136 956605065 0 0
956619520 956619636 0 0
956627712 956628253 0 0
956680494 956682851 0 0
956685767 956687889 0 0
956693483 956693603 0 0
956694759 956701925 0 0
956704117 956704756 0 0
956722811 956723822 0 0
956731032 956732683 0 0
956734992 956752400 0 1
956751376 956768784 1 1
956767760 956773087 1 0
956775615 956780772 0 0
956821566 956832062 0 0
956834947 956847972 0 0
956849537 956857182 0 0
956866838 956870695 0 0
956872349 956889757 0 1
956888733 956898032 1 0
956902180 956903871 0 0
956905712 956909965 0 0
956919553 956920301 0 0
956923097 956929516 0 0
956977893 956978686 0 0
956979708 956988705 0 0
956991372 956997094 0 0
956997701 957008022 0 0
957011934 957018525 0 0
957044868 957049283 0 0
957053629 957059247 0 0
957063549 957071895 0 0
957074560 957076998 0 0
957078168 957078264 0 0
957080476 957092706 0 0
957094352 957106576 0 0
957110087 957113314 0 0
957115283 957116539 0 0
957124192 957129416 0 0
957131141 957133177 0 0
957136209 957144869 0 0
957153221 957170629 0 1
957169605 957181240 1 0
957187071 957199287 0 0
957200086 957214655 0 0
957217159 957222921 0 0
957224173 957226655 0 0
957231030 957233062 0 0
957234314 957239449 0 0
957241981 957259389 0 1
957258365 957275773 1 1
957274749 957280643 1 0
957292177 957293080 0 0
957294895 957295362 0 0
957296480 957297903 0 0
957299905 957303746 0 0
957318806 957330775 0 0
957331237 957348645 0 1
957347621 957355090 1 0
957357290 957374698 0 1
957373674 957379335 1 0
957386592 957388626 0 0
957394509 957404849 0 0
957407885 957417089 0 0
957433181 957450589 0 1
957449565 957466973 1 1
957465949 957467293 1 0
957468932 957480207 0 0
957481821 957494073 0 0
957495560 957512968 0 1
957511944 957529352 1 1
957528328 957544410 1 0
957551235 957554959 0 0
957557818 957569623 0 0
957587773 957603094 0 0
957605489 957617759 0 0
957618957 957625269 0 0
957644711 957645403 0 0
957648255 957651925 0 0
957654888 957655022 0 0
957656994 957674402 0 1
957673378 957690786 1 1
957689762 957695607 1 0
957697149 957714557 0 1
957713533 957730941 1 1
957729917 957732465 1 0
957738014 957746011 0 0
957748499 957764241 0 0
957768856 957778065 0 0
957786846 957797315 0 0
957805440 957813012 0 0
957813845 957813959 0 0
957815826 957816033 0 0
957817454 957819778 0 0
957831278 957837425 0 0
957842569 957849126 0 0
957852773 957870181 0 1
957869157 957886565 1 1
957885541 957892267 1 0
957900371 957900924 0 0
957902440 957903055 0 0
957904077 957908822 0 0
957909801 957913767 0 0
957915261 957915530 0 0
957917560 957934968 0 1
957933944 957951352 1 1
957950328 957967736 1 1
957966712 957972726 1 0
957977815 957988023 0 0
957992387 958009795 0 1
958008771 958011364 1 0
958012911 958022724 0 0
958024884 958037803 0 0
958040365 958041763 0 0
958043233 958060641 0 1
958059617 958077025 1 1
958076001 958083004 1 0
958084611 958102019 0 1
958100995 958104176 1 0
958105517 958119731 0 0
958121010 958123815 0 0
958126114 958131742 0 0
958139084 958151904 0 0
958153480 958164116 0 0
958165259 958182667 0 1
958181643 958196016 1 0
958202398 958204033 0 0
958206411 958223819 0 1
958222795 958227163 1 0
958253400 958256245 0 0
958258354 958274601 0 0
958276201 958278378 0 0
958282277 958290526 0 0
958299220 958310178 0 0
958312011 958320978 0 0
958325429 958326238 0 0
958328862 958336330 0 0
958337706 958352685 0 0
958368780 958385216 0 0
958387183 958392567 0 0
958397460 958399936 0 0
958400128 958401384 0 0
958403641 958407977 0 0
958411544 958421926 0 0
958426193 958429575 0 0
958431662 958433962 0 0
958440367 958444339 0 0
958446560 958448940 0 0
958452736 958470144 0 1
958469120 958486528 1 1
958485504 958492352 1 0
958492721 958503778 0 0
958509374 958509987 0 0
958512657 958515248 0 0
958519664 958532927 0 0
958538559 958555967 0 1
958554943 958556891 1 0
958558352 958573323 0 0
958582929 958583029 0 0
958588045 958605453 0 1
958604429 958608592 1 0
958610325 958627733 0 1
958626709 958641829 1 0
958644921 958662329 0 1
958661305 958678713 1 1
958677689 958690178 1 0
958693927 958708214 0 0
958716056 958720933 0 0
958728874 958729549 0 0
958738118 958753736 0 0
958757824 958759132 0 0
958762500 958762721 0 0
958771625 958771810 0 0
958777747 958781641 0 0
958784723 958787037 0 0
958800438 958802282 0 0
958803828 958817988 0 0
958819684 958825320 0 0
958826663 958830102 0 0
958833328 958836828 0 0
958888571 958894445 0 0
958898392 958899964 0 0
958904293 958911771 0 0
958913293 958913747 0 0
958914800 958919616 0 0
958922476 958926911 0 0
958933059 958936186 0 0
958938320 958938893 0 0
958940614 958955442 0 0
958955650 958961942 0 0
958976297 958986442 0 0
958988331 959005739 0 1
959004715 959007810 1 0
959013022 959016488 0 0
959025483 959034000 0 0
959034075 959042161 0 0
959046814 959061265 0 0
959063793 959076851 0 0
959084353 959084556 0 0
959087852 959091833 0 0
959107093 959107529 0 0
959110653 959110830 0 0
959112781 959114561 0 0
959163351 959173421 0 0
959175241 959192649 0 1
959191625 959195011 1 0
959196563 959209905 0 0
959219689 959237097 0 1
959236073 959246922 1 0
959253952 959271360 0 1
959270336 959276097 1 0
959279378 959288395 0 0
959295244 959299326 0 0
959299680 959312101 0 0
959316532 959333940 0 1
959332916 959350324 1 1
959349300 959366708 1 1
959365684 959377571 1 0
959377922 959380339 0 0
959385983 959398510 0 0
959402187 959412001 0 0
959417973 959435381 0 1
959434357 959438733 1 0
959459667 959462509 0 0
959463987 959465527 0 0
959467229 959471416 0 0
959487824 959505232 0 1
959504208 959510525 1 0
959516212 959520673 0 0
959530243 959532695 0 0
959534438 959543640 0 0
959579437 959579610 0 0
959581173 959582119 0 0
959584207 959584388 0 0
959588079 959596554 0 0
959598412 959603067 0 0
959604602 959618870 0 0
959622482 959622639 0 0
959628370 959637066 0 0
959640731 959648316 0 0
959659478 959676886 0 1
959675862 959693270 1 1
959692246 959709654 1 1
959708630 959715851 1 0
959720253 959726092 0 0
959729814 959730145 0 0
959732833 959739508 0 0
959739622 959742969 0 0
959746939 959750708 0 0
959752780 959764093 0 0
959767122 959767252 0 0
959769528 959782186 0 0
959787638 959800259 0 0
959803849 959821257 0 1
959820233 959837097 1 0
959841746 959847711 0 0
959850405 959862341 0 0
959863702 959872538 0 0
959872640 959876240 0 0
959879601 959880852 0 0
959882662 959882830 0 0
959885662 959889012 0 0
959891069 959899022 0 0
959900565 959901315 0 0
959903363 959920771 0 1
959919747 959926320 1 0
959928130 959939222 0 0
959941156 959958257 0 0
959959780 959964974 0 0
959966586 959969493 0 0
959971304 959972565 0 0
959972694 959973380 0 0
959975036 959978412 0 0
959982894 959991135 0 0
960001269 960006562 0 0
960006714 960019943 0 0
960021865 960036850 0 0
960038140 960044461 0 0
960076645 960082102 0 0
960085933 960087634 0 0
960090584 960091953 0 0
960094767 960097501 0 0
960099816 960103799 0 0
960105396 960122804 0 1
960121780 960128315 1 0
960134566 960135952 0 0
960169058 960171305 0 0
960176733 960180177 0 0
960180768 960183219 0 0
960187219 960195954 0 0
960200243 960201211 0 0
960204199 960205385 0 0
960209933 960212264 0 0
960224849 960224933 0 0
960230102 960231496 0 0
960240861 960243251 0 0
960245646 960246021 0 0
960276755 960277644 0 0
960283529 960284522 0 0
960286288 960286687 0 0
960288192 960289733 0 0
960291969 960294833 0 0
960295366 960295614 0 0
960296234 960300695 0 0
960304791 960308364 0 0
960313504 960314904 0 0
960321863 960325403 0 0
960345431 960348934 0 0
960360940 960361808 0 0
960370821 960371035 0 0
960426011 960430661 0 0
960435015 960435873 0 0
960438001 960444978 0 0
960446732 960450885 0 0
960452516 960455080 0 0
960457869 960460350 0 0
960461893 960462369 0 0
960464237 960465667 0 0
960468014 960470753 0 0
960476822 960482141 0 0
960484902 960485507 0 0
960486953 960489226 0 0
960490704 960491385 0 0
960497359 960498406 0 0
960501151 960510810 0 0
960521440 960521782 0 0
960525518 960526204 0 0
960531785 960532510 0 0
960534997 960535396 0 0
960536846 960537825 0 0
960539830 960548550 0 0
960549973 960552065 0 0
960554301 960556217 0 0
960564584 960565611 0 0
960570427 960574209 0 0
960575956 960577759 0 0
960586389 960593036 0 0
960602576 960606282 0 0
960619904 960637312 0 1
960636288 960649122 1 0
960717101 960717778 0 0
960719602 960719902 0 0
960721561 960732899 0 0
960735537 960739409 0 0
960741670 960744464 0 0
960747291 960750365 0 0
960757998 960760803 0 0
960763791 960766590 0 0
960794142 960798008 0 0
960800511 960805717 0 0
960807640 960819839 0 0
960834654 960836820 0 0
960840462 960842193 0 0
960844211 960845461 0 0
960847853 960850035 0 0
960879659 960881311 0 0
960885121 960888554 0 0
960890934 960893779 0 0
960895977 960896204 0 0
960898289 960902597 0 0
960909516 960917094 0 0
960918790 960921885 0 0
960923049 960923497 0 0
960926680 960931426 0 0
960936873 960940059 0 0
960942503 960944014 0 0
960964054 960977171 0 0
960979509 960983392 0 0
960985012 961001575 0 0
961002961 961020369 0 1
961019345 961028133 1 0
961050819 961058715 0 0
961210060 961214378 0 0
961217923 961230415 0 0
961234000 961243877 0 0
961245960 961252320 0 0
961279939 961288242 0 0
961289713 961294417 0 0
961311060 961312329 0 0
961312569 961325882 0 0
961327423 961344831 0 1
961343807 961350310 1 0
961357797 961358616 0 0
961360864 961361280 0 0
961364375 961364942 0 0
961367297 961368138 0 0
961371043 961388451 0 1
961387427 961394975 1 0
961396988 961404283 0 0
961406170 961418382 0 0
961421140 961431066 0 0
961438805 961442699 0 0
961444561 961450952 0 0
961454469 961454594 0 0
961456142 961473550 0 1
961472526 961480564 1 0
961482706 961497817 0 0
961501108 961510215 0 0
961515804 961516436 0 0
961521270 961522778 0 0
961524606 961525653 0 0
961527557 961527664 0 0
961528948 961535820 0 0
961537381 961554789 0 1
961553765 961556248 1 0
961559720 961566220 0 0
961573355 961582329 0 0
961585019 961589261 0 0
961596192 961603580 0 0
961605811 961605991 0 0
961607878 961615982 0 0
961617672 961635080 0 1
961634056 961637584 1 0
961641212 961642554 0 0
961651627 961655641 0 0
961657355 961659252 0 0
961661612 961664965 0 0
961669268 961683052 0 0
961684473 961701881 0 1
961700857 961710485 1 0
961712768 961717716 0 0
961720002 961724624 0 0
961737304 961742464 0 0
961745524 961751306 0 0
961754202 961757535 0 0
961759540 961776192 0 0
961778359 961780398 0 0
961782387 961787482 0 0
961789812 961792779 0 0
961794747 961796833 0 0
961798388 961798668 0 0
961799750 961802482 0 0
961827382 961827833 0 0
961835601 961837592 0 0
961837626 961838456 0 0
961840192 961848159 0 0
961849593 961858982 0 0
961910386 961916431 0 0
961917900 961918183 0 0
961921393 961938801 0 1
961937777 961945755 1 0
961946082 961959590 0 0
961995751 962002230 0 0
962006244 962008499 0 0
962010436 962021236 0 0
962023656 962031051 0 0
962033276 962040501 0 0
962079329 962089204 0 0
962090551 962098630 0 0
962099958 962101790 0 0
962103136 962120544 0 1
962119520 962123515 1 0
962218902 962225680 0 0
962226136 962231327 0 0
962238052 962239286 0 0
962241246 962255050 0 0
962256815 962274223 0 1
962273199 962276944 1 0
962278804 962295468 0 0
962302965 962310033 0 0
962314608 962316436 0 0
962344524 962358195 0 0
962360660 962378068 0 1
962377044 962394452 1 1
962393428 962410836 1 1
962409812 962415674 1 0
962430175 962434104 0 0
962434612 962452020 0 1
962450996 962452435 1 0
962453629 962461416 0 0
962462801 962464655 0 0
962484346 962489148 0 0
962491069 962497654 0 0
962512296 962529704 0 1
962528680 962532534 1 0
962533929 962547085 0 0
962549932 962551818 0 0
962553883 962562648 0 0
962565880 962567968 0 0
962572167 962574201 0 0
962600905 962608221 0 0
962609752 962627160 0 1
962626136 962634145 1 0
962641861 962645457 0 0
962647169 962651041 0 0
962652636 962655104 0 0
962661855 962662925 0 0
962697963 962706838 0 0
962708981 962710712 0 0
962712270 962729250 0 0
962730436 962743309 0 0
962745566 962749301 0 0
962752294 962757614 0 0
962761222 962767612 0 0
962770596 962773640 0 0
962778633 962796041 0 1
962795017 962798212 1 0
962799695 962801251 0 0
962801807 962814208 0 0
962816372 962833780 0 1
962832756 962850164 1 1
962849140 962859472 1 0
962861391 962878799 0 1
962877775 962881337 1 0
962882799 962900207 0 1
962899183 962916591 1 1
962915567 962927081 1 0
962933779 962944469 0 0
962948181 962953659 0 0
962959502 962976910 0 1
962975886 962979866 1 0
963006913 963009807 0 0
963012920 963014197 0 0
963037411 963054819 0 1
963053795 963068872 1 0
963201875 963219283 0 1
963218259 963235667 1 1
963234643 963242220 1 0
963244299 963245103 0 0
963249966 963267374 0 1
963266350 963283758 1 1
963282734 963286102 1 0
963299807 963317215 0 1
963316191 963326109 1 0
963335750 963352177 0 0
963353884 963371292 0 1
963370268 963387676 1 1
963386652 963404060 1 1
963403036 963420444 1 1
963419420 963436828 1 1
963435804 963453212 1 1
963452188 963468215 1 0
963478836 963481531 0 0
963483671 963494273 0 0
963514650 963518101 0 0
963527880 963545288 0 1
963544264 963556993 1 0
963575140 963592476 0 0
963598570 963615978 0 1
963614954 963632362 1 1
963631338 963648746 1 1
963647722 963665130 1 1
963664106 963672450 1 0
963694542 963697865 0 0
963700818 963717877 0 0
963719161 963736569 0 1
963735545 963745933 1 0
963747533 963751101 0 0
963752286 963758984 0 0
963760848 963778256 0 1
963777232 963779423 1 0
963785011 963802419 0 1
963801395 963811046 1 0
963815495 963829255 0 0
963830679 963848087 0 1
963847063 963853723 1 0
963870642 963871291 0 0
963897626 963901319 0 0
963901758 963902480 0 0
963908762 963926170 0 1
963925146 963934995 1 0
963935945 963951602 0 0
963973083 963990491 0 1
963989467 964000429 1 0
964001388 964018796 0 1
964017772 964029079 1 0
964032622 964033831 0 0
964036809 964054217 0 1
964053193 964058096 1 0
964060171 964077579 0 1
964076555 964093963 1 1
964092939 964110347 1 1
964109323 964126731 1 1
964125707 964143115 1 1
964142091 964159499 1 1
964158475 964169151 1 0
964172581 964189989 0 1
964188965 964201446 1 0
964203527 964220935 0 1
964219911 964232507 1 0
964233015 964250423 0 1
964249399 964266807 1 1
964265783 964280001 1 0
964315151 964318068 0 0
964318695 964320331 0 0
964321814 964329505 0 0
964330255 964343695 0 0
964343911 964361319 0 1
964360295 964368822 1 0
964373425 964383950 0 0
964387835 964405243 0 1
964404219 964412236 1 0
964414280 964431688 0 1
964430664 964443357 1 0
964444243 964461651 0 1
964460627 964465936 1 0
964469181 964474334 0 0
964476445 964488875 0 0
964489510 964496867 0 0
964497784 964497934 0 0
964505764 964522248 0 0
964524534 964526144 0 0
964530930 964548338 0 1
964547314 964564722 1 1
964563698 964581106 1 1
964580082 964596872 1 0
964601408 964615349 0 0
964618458 964632239 0 0
964634737 964652145 0 1
964651121 964668529 1 1
964667505 964684913 1 1
964683889 964701297 1 1
964700273 964717681 1 1
964716657 964723914 1 0
964726450 964743858 0 1
964742834 964760242 1 1
964759218 964776626 1 1
964775602 964793010 1 1
964791986 964809394 1 1
964808370 964825778 1 1
964824754 964826081 1 0
964829879 964847287 0 1
964846263 964863671 1 1
964862647 964871823 1 0
964872417 964883173 0 0
964908968 964926376 0 1
964925352 964933211 1 0
964934695 964952103 0 1
964951079 964962363 1 0
964969304 964977516 0 0
964979291 964993780 0 0
965043531 965044617 0 0
965046108 965055709 0 0
965060380 965077788 0 1
965076764 965085309 1 0
965098147 965102623 0 0
965106489 965123897 0 1
965122873 965125891 1 0
965127908 965144305 0 0
965146355 965148800 0 0
965504788 965508638 0 0
965529827 965533752 0 0
965541133 965545820 0 0
965546074 965553144 0 0
965553527 965570935 0 1
965569911 965583892 1 0
965584699 965594467 0 0
965596365 965601213 0 0
965601982 965619390 0 1
965618366 965635774 1 1
965634750 965641827 1 0
965645826 965649860 0 0
965658742 965666564 0 0
965673037 965673312 0 0
965675528 965681003 0 0
965691494 965694784 0 0
965699646 965717054 0 1
965716030 965733438 1 1
965732414 965749822 1 1
965748798 965750745 1 0
965753873 965763830 0 0
965768076 965770367 0 0
965781288 965797299 0 0
965797779 965807061 0 0
965811674 965829082 0 1
965828058 965830948 1 0
965832600 965835264 0 0
965836828 965854236 0 1
965853212 965862323 1 0
965868363 965874012 0 0
965876809 965894217 0 1
965893193 965910601 1 1
965909577 965921245 1 0
965923163 965940571 0 1
965939547 965944757 1 0
965959324 965965906 0 0
965967787 965969427 0 0
965971585 965984648 0 0
965984827 965991899 0 0
965992451 965995644 0 0
965997338 966014746 0 1
966013722 966023279 1 0
966047120 966048735 0 0
966055558 966072966 0 1
966071942 966080606 1 0
966082620 966092446 0 0
966119231 966136221 0 0
966138174 966155582 0 1
966154558 966171966 1 1
966170942 966184914 1 0
966194457 966196255 0 0
966198259 966215667 0 1
966214643 966216644 1 0
966217200 966234608 0 1
966233584 966250992 1 1
966249968 966267376 1 1
966266352 966283760 1 1
966282736 966286874 1 0
966305401 966308421 0 0
966311909 966329317 0 1
966328293 966345701 1 1
966344677 966362085 1 1
966361061 966365102 1 0
966369221 966371341 0 0
966388140 966405548 0 1
966404524 966414867 1 0
966416641 966434049 0 1
966433025 966437781 1 0
966441389 966457137 0 0
966460486 966467685 0 0
966471228 966488636 0 1
966487612 966490668 1 0
966493081 966505527 0 0
966507409 966524817 0 1
966523793 966541201 1 1
966540177 966550278 1 0
966551748 966554687 0 0
966565457 966566556 0 0
966568416 966585824 0 1
966584800 966602208 1 1
966601184 966613786 1 0
966616104 966633512 0 1
966632488 966637431 1 0
966642146 966651541 0 0
966657442 966674850 0 1
966673826 966691234 1 1
966690210 966697660 1 0
966723378 966727740 0 0
966729881 966747289 0 1
966746265 966763673 1 1
966762649 966779966 1 0
966782217 966783238 0 0
966785151 966800709 0 0
966803258 966804650 0 0
966812926 966830334 0 1
966829310 966846718 1 1
966845694 966863102 1 1
966862078 966871178 1 0
966872466 966889521 0 0
966912834 966916658 0 0
966920757 966938165 0 1
966937141 966945729 1 0
966947490 966964898 0 1
966963874 966981282 1 1
966980258 966997666 1 1
966996642 967014050 1 1
967013026 967030434 1 1
967029410 967046818 1 1
967045794 967054549 1 0
967056247 967060107 0 0
967061880 967079288 0 1
967078264 967095672 1 1
967094648 967112056 1 1
967111032 967128440 1 1
967127416 967144173 1 0
967147000 967164408 0 1
967163384 967180792 1 1
967179768 967197176 1 1
967196152 967200106 1 0
967201703 967219111 0 1
967218087 967235495 1 1
967234471 967245873 1 0
967247330 967264738 0 1
967263714 967269441 1 0
967271201 967272412 0 0
967357045 967357522 0 0
967361430 967361630 0 0
967366781 967367479 0 0
967369771 967383791 0 0
967385565 967385656 0 0
967388167 967390256 0 0
967391965 967393793 0 0
967414776 967432184 0 1
967431160 967448568 1 1
967447544 967464952 1 1
967463928 967481336 1 1
967480312 967486812 1 0
967663096 967665581 0 0
967668392 967679994 0 0
967704535 967721943 0 1
967720919 967738327 1 1
967737303 967742073 1 0
967749348 967759439 0 0
967762112 967766523 0 0
967771817 967789225 0 1
967788201 967805609 1 1
967804585 967816864 1 0
967820168 967827277 0 0
967829196 967832904 0 0
967834564 967835614 0 0
967837483 967845900 0 0
967848140 967850707 0 0
967853803 967871211 0 1
967870187 967877896 1 0
967880357 967885463 0 0
967889388 967889497 0 0
967891699 967893514 0 0
967895471 967895831 0 0
967897568 967899016 0 0
967903073 967905733 0 0
967930478 967931467 0 0
967946924 967951149 0 0
967953605 967971013 0 1
967969989 967981906 1 0
967983752 968001160 0 1
968000136 968004056 1 0
968005742 968016905 0 0
968020385 968029059 0 0
968031954 968032032 0 0
968035241 968037555 0 0
968042392 968042476 0 0
968049156 968057526 0 0
968059194 968059518 0 0
968062582 968067428 0 0
968073269 968076671 0 0
968081304 968081514 0 0
968088779 968089488 0 0
968098510 968099350 0 0
968101272 968106400 0 0
968123315 968140723 0 1
968139699 968157107 1 1
968156083 968173339 1 0
968178685 968188834 0 0
968190279 968199849 0 0
968200823 968218231 0 1
968217207 968230989 1 0
968232954 968250362 0 1
968249338 968266746 1 1
968265722 968267933 1 0
968279879 968282906 0 0
968286821 968287027 0 0
968293822 968311230 0 1
968310206 968312921 1 0
968315002 968332410 0 1
968331386 968348794 1 1
968347770 968356337 1 0
968356625 968356975 0 0
968366905 968369404 0 0
968380383 968381188 0 0
968383115 968392753 0 0
968394475 968398052 0 0
968399606 968417014 0 1
968415990 968433398 1 1
968432374 968449782 1 1
968448758 968459018 1 0
968463190 968463987 0 0
968469840 968487248 0 1
968486224 968489501 1 0
968490873 968492382 0 0
968495044 968495266 0 0
968507607 968508770 0 0
968559470 968560658 0 0
968564990 968566447 0 0
968569775 968572468 0 0
968576594 968594002 0 1
968592978 968597632 1 0
968605094 968607619 0 0
968609629 968609944 0 0
968613339 968614108 0 0
968616456 968624002 0 0
968626943 968630179 0 0
968632249 968641010 0 0
968642871 968644430 0 0
968646220 968663628 0 1
968662604 968680012 1 1
968678988 968681205 1 0
968686357 968686575 0 0
968688760 968690950 0 0
968692881 968710289 0 1
968709265 968714403 1 0
968719346 968736754 0 1
968735730 968753138 1 1
968752114 968769522 1 1
968768498 968778123 1 0
968780608 968786178 0 0
968796318 968813726 0 1
968812702 968829116 1 0
968832459 968849867 0 1
968848843 968866251 1 1
968865227 968873476 1 0
968874869 968874963 0 0
968876500 968893908 0 1
968892884 968910292 1 1
968909268 968926676 1 1
968925652 968943060 1 1
968942036 968949287 1 0
968950937 968955444 0 0
968957054 968959255 0 0
968960842 968963872 0 0
968965334 968979085 0 0
968981134 968990857 0 0
968992828 968997887 0 0
969004524 969021932 0 1
969020908 969038316 1 1
969037292 969042931 1 0
969044519 969050478 0 0
969058001 969058572 0 0
969060677 969078085 0 1
969077061 969094469 1 1
969093445 969110853 1 1
969109829 969116717 1 0
969139130 969144098 0 0
969144595 969154548 0 0
969171767 969178308 0 0
969179808 969197216 0 1
969196192 969206228 1 0
969215864 969217264 0 0
969220206 969222196 0 0
969224615 969226913 0 0
969229037 969232391 0 0
969237881 969238505 0 0
969240547 969240630 0 0
969244075 969255364 0 0
969258313 969275721 0 1
969274697 969288262 1 0
969290995 969295734 0 0
969299257 969302501 0 0
969308158 969317665 0 0
969322761 969329869 0 0
969332622 969343665 0 0
969345158 969362566 0 1
969361542 969378950 1 1
969377926 969380039 1 0
969382579 969383867 0 0
969383938 969387522 0 0
969389217 969390753 0 0
969393044 969410452 0 1
969409428 969424040 1 0
969425872 969443280 0 1
969442256 969451903 1 0
969455030 969472438 0 1
969471414 969488822 1 1
969487798 969505206 1 1
969504182 969506077 1 0
969508725 969517829 0 0
969526275 969542699 0 0
969544984 969561322 0 0
969563467 969563680 0 0
969565506 969574474 0 0
969576461 969582428 0 0
969586001 969603409 0 1
969602385 969619793 1 1
969618769 969630963 1 0
969636722 969652528 0 0
969658202 969675610 0 1
969674586 969691994 1 1
969690970 969708378 1 1
969707354 969713812 1 0
969717809 969721228 0 0
969741560 969744589 0 0
969747238 969749242 0 0
969750734 969753956 0 0
969757018 969773038 0 0
969781218 969792873 0 0
969794909 969798804 0 0
969806271 969814652 0 0
969816076 969816642 0 0
969824554 969824751 0 0
969826868 969828889 0 0
969831521 969837067 0 0
969839325 969856733 0 1
969855709 969871377 1 0
969872854 969890262 0 1
969889238 969906646 1 1
969905622 969914518 1 0
969917004 969918430 0 0
969920035 969937443 0 1
969936419 969953827 1 1
969952803 969959088 1 0
969960759 969978167 0 1
969977143 969994551 1 1
969993527 970006454 1 0
970007824 970025232 0 1
970024208 970026375 1 0
970027693 970041257 0 0
970042980 970060388 0 1
970059364 970076772 1 1
970075748 970084305 1 0
970085607 970090176 0 0
970091735 970093192 0 0
970097402 970114810 0 1
970113786 970131194 1 1
970130170 970134243 1 0
970137093 970144864 0 0
970146859 970164267 0 1
970163243 970168282 1 0
970170027 970187435 0 1
970186411 970203819 1 1
970202795 970207203 1 0
970208876 970226284 0 1
970225260 970227434 1 0
970228894 970234916 0 0
970236649 970239251 0 0
970242019 970254142 0 0
970294911 970306390 0 0
970309583 970326186 0 0
970375709 970376463 0 0
970377488 970379983 0 0
970387059 970397256 0 0
970398564 970414166 0 0
970415821 970417458 0 0
970419465 970420108 0 0
970421809 970426269 0 0
970460478 970463303 0 0
970465974 970474722 0 0
970489242 970492284 0 0
970496463 970497253 0 0
970539326 970544022 0 0
970554692 970565713 0 0
970584625 970586381 0 0
970592304 970592491 0 0
970596480 970608647 0 0
970636027 970653435 0 1
970652411 970669819 1 1
970668795 970670056 1 0
970672642 970690050 0 1
970689026 970692106 1 0
970694627 970696775 0 0
970715552 970717706 0 0
970724199 970724791 0 0
970731804 970749212 0 1
970748188 970765596 1 1
970764572 970781980 1 1
970780956 970798364 1 1
970797340 970814748 1 1
970813724 970831132 1 1
970830108 970847516 1 1
970846492 970858696 1 0
970891547 970900379 0 0
970901164 970918572 0 1
970917548 970922784 1 0
970926997 970931207 0 0
970958958 970965075 0 0
970966115 970983523 0 1
970982499 970999907 1 1
970998883 971002362 1 0
971004792 971014282 0 0
971026186 971030348 0 0
971044771 971046496 0 0
971068791 971084705 0 0
971085391 971098784 0 0
971110609 971110821 0 0
971114263 971114327 0 0
971148838 971166246 0 1
971165222 971172026 1 0
971175352 971178585 0 0
971181822 971187568 0 0
971198668 971201637 0 0
971231745 971241018 0 0
971244991 971259153 0 0
971265717 971271669 0 0
971283721 971291138 0 0
971291952 971292280 0 0
971293866 971297521 0 0
971321073 971338481 0 1
971337457 971351857 1 0
971354464 971361506 0 0
971363682 971381090 0 1
971380066 971385649 1 0
971387354 971404762 0 1
971403738 971421146 1 1
971420122 971427311 1 0
971430972 971448380 0 1
971447356 971450805 1 0
971460805 971462611 0 0
971502047 971519455 0 1
971518431 971530773 1 0
971596522 971613930 0 1
971612906 971622015 1 0
